1 2 1
1 8 1
2 1 1
2 38 1
3 7 1
3 4 1
4 3 1
4 11 1
5 6 1
5 10 1
5 12 1
5 18 1
5 17 1
6 5 1
6 7 1
6 11 1
6 12 1
7 3 1
7 6 1
7 10 1
7 38 1
8 1 1
8 10 1
8 20 1
8 30 1
8 38 1
9 25 1
9 26 1
9 29 1
9 34 1
9 31 1
9 33 1
10 5 1
10 8 1
10 7 1
11 4 1
11 6 1
11 13 1
12 5 1
12 6 1
12 13 1
12 16 1
13 12 1
13 14 1
13 11 1
14 13 1
14 15 1
15 16 1
15 14 1
16 12 1
16 15 1
16 27 1
17 5 1
17 18 1
17 27 1
18 5 1
18 19 1
18 17 1
18 25 1
18 26 1
19 18 1
19 20 1
19 25 1
20 8 1
20 19 1
20 24 1
20 31 1
21 22 1
21 30 1
22 21 1
22 30 1
22 23 1
23 22 1
23 24 1
23 32 1
24 20 1
24 23 1
25 9 1
25 18 1
25 19 1
26 9 1
26 18 1
26 27 1
27 26 1
27 16 1
27 17 1
27 29 1
27 28 1
28 27 1
28 37 1
29 9 1
29 27 1
29 35 1
30 21 1
30 22 1
30 8 1
31 9 1
31 20 1
31 32 1
32 23 1
32 31 1
32 33 1
33 9 1
33 32 1
33 34 1
34 9 1
34 33 1
34 35 1
34 36 1
35 29 1
35 34 1
36 34 1
36 37 1
37 36 1
37 28 1
38 2 1
38 8 1
38 7 1