1 2 
1 6 2 
1 6 7 3 2 
1 6 9 7 3 2 
1 6 7 4 3 2 
1 6 11 9 7 3 2 
1 6 9 7 4 3 2 
1 6 7 8 5 3 2 
1 2 3 
1 6 2 3 
1 6 7 3 
1 2 6 7 3 
1 6 9 7 3 
1 6 7 4 3 
1 2 6 9 7 3 
1 2 6 7 4 3 
1 2 3 4 
1 6 7 4 
1 2 6 7 4 
1 2 3 5 4 
1 6 2 3 4 
1 6 7 3 4 
1 2 3 7 4 
1 6 9 7 4 
1 2 3 5 
1 6 2 3 5 
1 2 3 4 5 
1 6 7 3 5 
1 6 7 4 5 
1 6 7 8 5 
1 2 6 7 3 5 
1 6 2 3 4 5 
1 6 
1 2 6 
1 2 3 7 6 
1 2 3 4 7 6 
1 2 3 7 9 6 
1 2 3 5 4 7 6 
1 2 3 4 7 9 6 
1 2 3 7 9 11 6 
1 6 7 
1 2 3 7 
1 6 9 7 
1 2 6 7 
1 2 3 4 7 
1 6 2 3 7 
1 2 6 9 7 
1 6 11 9 7 
1 6 7 8 
1 2 3 5 8 
1 6 9 7 8 
1 2 6 7 8 
1 2 3 7 8 
1 6 9 10 8 
1 6 7 3 5 8 
1 6 2 3 5 8 
1 6 9 
1 2 6 9 
1 6 7 9 
1 6 11 9 
1 2 3 7 9 
1 2 6 7 9 
1 6 11 12 9 
1 2 6 11 9 
1 6 9 10 
1 2 6 9 10 
1 6 7 8 10 
1 6 11 9 10 
1 6 7 9 10 
1 6 9 7 8 10 
1 2 3 5 8 10 
1 2 6 7 8 10 
1 6 11 
1 2 6 11 
1 6 9 11 
1 2 6 9 11 
1 6 7 9 11 
1 6 9 12 11 
1 2 3 7 6 11 
1 2 6 7 9 11 
1 6 9 12 
1 6 11 12 
1 2 6 9 12 
1 6 9 11 12 
1 6 7 9 12 
1 6 11 9 12 
1 2 6 11 12 
1 2 3 7 9 12 
1 6 9 10 13 
1 6 11 12 13 
1 6 9 12 13 
1 2 6 9 10 13 
1 6 9 10 14 13 
1 6 7 8 10 13 
1 6 11 9 10 13 
1 6 9 11 12 13 
1 6 9 10 14 
1 2 6 9 10 14 
1 6 7 8 10 14 
1 6 9 12 13 14 
1 6 9 10 13 14 
1 6 11 9 10 14 
1 6 7 9 10 14 
1 6 11 12 13 14 
1 6 11 15 
1 2 6 11 15 
1 6 9 11 15 
1 6 11 12 16 15 
1 2 6 9 11 15 
1 6 7 9 11 15 
1 6 9 12 11 15 
1 6 11 19 20 15 
1 6 9 12 16 
1 6 11 12 16 
1 6 11 15 16 
1 2 6 9 12 16 
1 6 9 11 12 16 
1 6 7 9 12 16 
1 6 11 9 12 16 
1 2 6 11 12 16 
1 6 9 10 13 17 
1 6 11 12 13 17 
1 6 9 12 13 17 
1 6 11 15 16 17 
1 6 11 12 16 17 
1 6 9 12 16 17 
1 2 6 9 10 13 17 
1 6 9 10 14 13 17 
1 6 9 10 14 18 
1 2 6 9 10 14 18 
1 6 7 8 10 14 18 
1 6 9 12 13 14 18 
1 6 9 10 13 14 18 
1 6 11 9 10 14 18 
1 6 7 9 10 14 18 
1 6 9 12 16 17 18 
1 6 11 19 
1 2 6 11 19 
1 6 9 11 19 
1 6 11 15 20 19 
1 2 6 9 11 19 
1 6 7 9 11 19 
1 6 9 12 11 19 
1 2 3 7 6 11 19 
1 6 11 15 20 
1 6 11 19 20 
1 2 6 11 15 20 
1 6 9 11 15 20 
1 2 6 11 19 20 
1 6 9 11 19 20 
1 6 11 15 16 21 20 
1 6 11 12 16 15 20 
1 6 9 12 16 21 
1 6 11 12 16 21 
1 6 11 15 16 21 
1 6 11 19 20 21 
1 6 11 15 20 21 
1 2 6 9 12 16 21 
1 6 9 11 12 16 21 
1 6 9 12 16 22 21 
1 6 9 12 16 22 
1 6 11 12 16 22 
1 6 11 15 16 22 
1 2 6 9 12 16 22 
1 6 9 11 12 16 22 
1 6 9 12 13 17 22 
1 6 9 12 16 17 22 
1 6 7 9 12 16 22 
1 6 9 10 13 17 23 
1 6 11 12 13 17 23 
1 6 9 12 13 17 23 
1 6 11 15 16 17 23 
1 6 11 12 16 17 23 
1 6 9 12 16 17 23 
1 6 11 15 16 22 23 
1 6 11 12 16 22 23 
1 6 9 10 14 18 24 
1 2 6 9 10 14 18 24 
1 6 7 8 10 14 18 24 
1 6 9 12 13 14 18 24 
1 6 9 10 13 14 18 24 
1 6 11 9 10 14 18 24 
1 6 7 9 10 14 18 24 
1 6 9 12 16 17 18 24 
2 1 
2 6 1 
2 3 7 6 1 
2 3 4 7 6 1 
2 3 7 9 6 1 
2 3 5 4 7 6 1 
2 3 4 7 9 6 1 
2 3 7 9 11 6 1 
2 3 
2 6 7 3 
2 1 6 7 3 
2 6 9 7 3 
2 6 7 4 3 
2 1 6 9 7 3 
2 1 6 7 4 3 
2 6 11 9 7 3 
2 3 4 
2 6 7 4 
2 3 5 4 
2 3 7 4 
2 1 6 7 4 
2 6 9 7 4 
2 6 7 3 4 
2 3 5 8 7 4 
2 3 5 
2 3 4 5 
2 6 7 3 5 
2 3 7 4 5 
2 6 7 4 5 
2 3 7 8 5 
2 6 7 8 5 
2 3 4 7 8 5 
2 6 
2 1 6 
2 3 7 6 
2 3 4 7 6 
2 3 7 9 6 
2 3 5 4 7 6 
2 3 4 7 9 6 
2 3 7 9 11 6 
2 3 7 
2 6 7 
2 3 4 7 
2 1 6 7 
2 6 9 7 
2 3 5 4 7 
2 1 6 9 7 
2 6 11 9 7 
2 3 5 8 
2 6 7 8 
2 3 7 8 
2 1 6 7 8 
2 6 9 7 8 
2 3 4 5 8 
2 6 9 10 8 
2 3 4 7 8 
2 6 9 
2 1 6 9 
2 6 7 9 
2 3 7 9 
2 6 11 9 
2 1 6 7 9 
2 3 4 7 9 
2 3 7 6 9 
2 6 9 10 
2 3 5 8 10 
2 6 7 8 10 
2 1 6 9 10 
2 3 7 8 10 
2 6 11 9 10 
2 6 7 9 10 
2 3 7 9 10 
2 6 11 
2 1 6 11 
2 6 9 11 
2 3 7 6 11 
2 1 6 9 11 
2 6 7 9 11 
2 6 9 12 11 
2 3 7 9 11 
2 6 9 12 
2 6 11 12 
2 1 6 9 12 
2 6 9 11 12 
2 6 7 9 12 
2 6 11 9 12 
2 3 7 9 12 
2 1 6 11 12 
2 6 9 10 13 
2 6 11 12 13 
2 6 9 12 13 
2 3 5 8 10 13 
2 6 9 10 14 13 
2 6 7 8 10 13 
2 6 11 9 10 13 
2 6 9 11 12 13 
2 6 9 10 14 
2 3 5 8 10 14 
2 6 7 8 10 14 
2 6 9 12 13 14 
2 6 9 10 13 14 
2 1 6 9 10 14 
2 3 7 8 10 14 
2 6 11 9 10 14 
2 6 11 15 
2 1 6 11 15 
2 6 9 11 15 
2 6 11 12 16 15 
2 3 7 6 11 15 
2 1 6 9 11 15 
2 6 7 9 11 15 
2 6 9 12 11 15 
2 6 9 12 16 
2 6 11 12 16 
2 6 11 15 16 
2 1 6 9 12 16 
2 6 9 11 12 16 
2 6 7 9 12 16 
2 6 11 9 12 16 
2 3 7 9 12 16 
2 6 9 10 13 17 
2 6 11 12 13 17 
2 6 9 12 13 17 
2 6 11 15 16 17 
2 6 11 12 16 17 
2 6 9 12 16 17 
2 3 5 8 10 13 17 
2 6 9 10 14 13 17 
2 6 9 10 14 18 
2 3 5 8 10 14 18 
2 6 7 8 10 14 18 
2 6 9 12 13 14 18 
2 6 9 10 13 14 18 
2 1 6 9 10 14 18 
2 3 7 8 10 14 18 
2 6 11 9 10 14 18 
2 6 11 19 
2 1 6 11 19 
2 6 9 11 19 
2 6 11 15 20 19 
2 3 7 6 11 19 
2 1 6 9 11 19 
2 6 7 9 11 19 
2 6 9 12 11 19 
2 6 11 15 20 
2 6 11 19 20 
2 1 6 11 15 20 
2 6 9 11 15 20 
2 1 6 11 19 20 
2 6 9 11 19 20 
2 6 11 15 16 21 20 
2 6 11 12 16 15 20 
2 6 9 12 16 21 
2 6 11 12 16 21 
2 6 11 15 16 21 
2 6 11 19 20 21 
2 6 11 15 20 21 
2 1 6 9 12 16 21 
2 6 9 11 12 16 21 
2 6 9 12 16 22 21 
2 6 9 12 16 22 
2 6 11 12 16 22 
2 6 11 15 16 22 
2 1 6 9 12 16 22 
2 6 9 11 12 16 22 
2 6 9 12 13 17 22 
2 6 9 12 16 17 22 
2 6 7 9 12 16 22 
2 6 9 10 13 17 23 
2 6 11 12 13 17 23 
2 6 9 12 13 17 23 
2 6 11 15 16 17 23 
2 6 11 12 16 17 23 
2 6 9 12 16 17 23 
2 6 11 15 16 22 23 
2 6 11 12 16 22 23 
2 6 9 10 14 18 24 
2 3 5 8 10 14 18 24 
2 6 7 8 10 14 18 24 
2 6 9 12 13 14 18 24 
2 6 9 10 13 14 18 24 
2 1 6 9 10 14 18 24 
2 3 7 8 10 14 18 24 
2 6 11 9 10 14 18 24 
3 2 1 
3 7 6 1 
3 2 6 1 
3 4 7 6 1 
3 7 9 6 1 
3 7 6 2 1 
3 5 4 7 6 1 
3 4 7 9 6 1 
3 2 
3 7 6 2 
3 4 7 6 2 
3 7 9 6 2 
3 7 6 1 2 
3 5 4 7 6 2 
3 4 7 9 6 2 
3 4 7 6 1 2 
3 4 
3 5 4 
3 7 4 
3 5 8 7 4 
3 2 6 7 4 
3 7 8 5 4 
3 2 1 6 7 4 
3 2 6 9 7 4 
3 5 
3 4 5 
3 7 4 5 
3 7 8 5 
3 4 7 8 5 
3 2 6 7 4 5 
3 7 9 10 8 5 
3 2 6 7 8 5 
3 2 6 
3 7 6 
3 2 1 6 
3 4 7 6 
3 7 9 6 
3 5 4 7 6 
3 4 7 9 6 
3 7 9 11 6 
3 7 
3 4 7 
3 5 4 7 
3 2 6 7 
3 5 8 7 
3 4 5 8 7 
3 2 1 6 7 
3 2 6 9 7 
3 5 8 
3 7 8 
3 4 5 8 
3 4 7 8 
3 5 4 7 8 
3 7 4 5 8 
3 2 6 7 8 
3 7 9 10 8 
3 7 9 
3 2 6 9 
3 7 6 9 
3 4 7 9 
3 2 1 6 9 
3 2 6 7 9 
3 7 8 10 9 
3 7 6 11 9 
3 5 8 10 
3 7 8 10 
3 7 9 10 
3 4 5 8 10 
3 7 6 9 10 
3 2 6 9 10 
3 4 7 8 10 
3 4 7 9 10 
3 2 6 11 
3 7 6 11 
3 7 9 11 
3 2 1 6 11 
3 2 6 9 11 
3 4 7 6 11 
3 7 6 9 11 
3 7 9 6 11 
3 7 9 12 
3 2 6 9 12 
3 7 6 9 12 
3 7 9 11 12 
3 4 7 9 12 
3 2 6 11 12 
3 7 6 11 12 
3 2 1 6 9 12 
3 5 8 10 13 
3 7 8 10 13 
3 7 9 10 13 
3 7 9 12 13 
3 5 8 10 14 13 
3 4 5 8 10 13 
3 7 8 10 14 13 
3 7 6 9 10 13 
3 5 8 10 14 
3 7 8 10 14 
3 7 9 10 14 
3 5 8 10 13 14 
3 4 5 8 10 14 
3 7 8 10 13 14 
3 7 6 9 10 14 
3 7 9 12 13 14 
3 2 6 11 15 
3 7 6 11 15 
3 7 9 11 15 
3 2 1 6 11 15 
3 2 6 9 11 15 
3 4 7 6 11 15 
3 7 6 9 11 15 
3 7 9 6 11 15 
3 7 9 12 16 
3 2 6 9 12 16 
3 7 6 9 12 16 
3 7 9 11 12 16 
3 4 7 9 12 16 
3 2 6 11 12 16 
3 7 6 11 12 16 
3 7 9 11 15 16 
3 5 8 10 13 17 
3 7 8 10 13 17 
3 7 9 10 13 17 
3 7 9 12 13 17 
3 7 9 12 16 17 
3 5 8 10 14 13 17 
3 4 5 8 10 13 17 
3 7 8 10 14 13 17 
3 5 8 10 14 18 
3 7 8 10 14 18 
3 7 9 10 14 18 
3 5 8 10 13 14 18 
3 4 5 8 10 14 18 
3 7 8 10 13 14 18 
3 7 6 9 10 14 18 
3 7 9 12 13 14 18 
3 2 6 11 19 
3 7 6 11 19 
3 7 9 11 19 
3 2 1 6 11 19 
3 2 6 9 11 19 
3 4 7 6 11 19 
3 7 6 9 11 19 
3 7 9 6 11 19 
3 2 6 11 15 20 
3 7 6 11 15 20 
3 2 6 11 19 20 
3 7 9 11 15 20 
3 7 6 11 19 20 
3 7 9 11 19 20 
3 2 1 6 11 15 20 
3 2 6 9 11 15 20 
3 7 9 12 16 21 
3 2 6 9 12 16 21 
3 7 6 9 12 16 21 
3 7 9 11 12 16 21 
3 7 9 12 16 22 21 
3 4 7 9 12 16 21 
3 2 6 11 12 16 21 
3 7 6 11 12 16 21 
3 7 9 12 16 22 
3 2 6 9 12 16 22 
3 7 6 9 12 16 22 
3 7 9 11 12 16 22 
3 7 9 12 13 17 22 
3 7 9 12 16 17 22 
3 4 7 9 12 16 22 
3 2 6 11 12 16 22 
3 5 8 10 13 17 23 
3 7 8 10 13 17 23 
3 7 9 10 13 17 23 
3 7 9 12 13 17 23 
3 7 9 12 16 17 23 
3 7 9 12 16 22 23 
3 5 8 10 14 13 17 23 
3 5 8 10 13 17 22 23 
3 5 8 10 14 18 24 
3 7 8 10 14 18 24 
3 7 9 10 14 18 24 
3 5 8 10 13 14 18 24 
3 4 5 8 10 14 18 24 
3 7 8 10 13 14 18 24 
3 7 6 9 10 14 18 24 
3 7 9 12 13 14 18 24 
4 3 2 1 
4 7 6 1 
4 3 7 6 1 
4 3 2 6 1 
4 5 3 2 1 
4 7 3 2 1 
4 7 6 2 1 
4 7 9 6 1 
4 3 2 
4 5 3 2 
4 7 3 2 
4 7 6 2 
4 3 7 6 2 
4 7 9 6 2 
4 7 6 1 2 
4 5 8 7 3 2 
4 3 
4 5 3 
4 7 3 
4 5 8 7 3 
4 7 6 2 3 
4 7 8 5 3 
4 7 6 1 2 3 
4 7 9 6 2 3 
4 5 
4 3 5 
4 7 3 5 
4 7 8 5 
4 3 7 8 5 
4 7 6 2 3 5 
4 7 9 10 8 5 
4 3 2 6 7 8 5 
4 7 6 
4 3 2 6 
4 7 9 6 
4 3 7 6 
4 5 3 2 6 
4 3 2 1 6 
4 7 3 2 6 
4 7 9 11 6 
4 7 
4 3 7 
4 5 3 7 
4 5 8 7 
4 3 2 6 7 
4 3 5 8 7 
4 5 3 2 6 7 
4 5 8 10 9 7 
4 5 8 
4 7 8 
4 3 5 8 
4 3 7 8 
4 5 3 7 8 
4 7 3 5 8 
4 7 9 10 8 
4 3 2 6 7 8 
4 7 9 
4 3 7 9 
4 7 6 9 
4 5 3 7 9 
4 3 2 6 9 
4 3 7 6 9 
4 7 8 10 9 
4 7 6 11 9 
4 5 8 10 
4 7 8 10 
4 7 9 10 
4 3 5 8 10 
4 7 6 9 10 
4 3 7 8 10 
4 3 7 9 10 
4 5 3 7 8 10 
4 7 6 11 
4 7 9 11 
4 3 2 6 11 
4 7 6 9 11 
4 7 9 6 11 
4 3 7 6 11 
4 7 9 12 11 
4 3 7 9 11 
4 7 9 12 
4 3 7 9 12 
4 7 6 9 12 
4 7 9 11 12 
4 7 6 11 12 
4 5 3 7 9 12 
4 3 2 6 9 12 
4 3 7 6 9 12 
4 5 8 10 13 
4 7 8 10 13 
4 7 9 10 13 
4 7 9 12 13 
4 5 8 10 14 13 
4 3 5 8 10 13 
4 7 8 10 14 13 
4 7 6 9 10 13 
4 5 8 10 14 
4 7 8 10 14 
4 7 9 10 14 
4 5 8 10 13 14 
4 3 5 8 10 14 
4 7 8 10 13 14 
4 7 6 9 10 14 
4 7 9 12 13 14 
4 7 6 11 15 
4 7 9 11 15 
4 3 2 6 11 15 
4 7 6 9 11 15 
4 7 9 6 11 15 
4 3 7 6 11 15 
4 7 9 12 11 15 
4 3 7 9 11 15 
4 7 9 12 16 
4 3 7 9 12 16 
4 7 6 9 12 16 
4 7 9 11 12 16 
4 7 6 11 12 16 
4 7 9 11 15 16 
4 7 6 11 15 16 
4 7 9 12 11 15 16 
4 5 8 10 13 17 
4 7 8 10 13 17 
4 7 9 10 13 17 
4 7 9 12 13 17 
4 7 9 12 16 17 
4 5 8 10 14 13 17 
4 3 5 8 10 13 17 
4 7 8 10 14 13 17 
4 5 8 10 14 18 
4 7 8 10 14 18 
4 7 9 10 14 18 
4 5 8 10 13 14 18 
4 3 5 8 10 14 18 
4 7 8 10 13 14 18 
4 7 6 9 10 14 18 
4 7 9 12 13 14 18 
4 7 6 11 19 
4 7 9 11 19 
4 3 2 6 11 19 
4 7 6 9 11 19 
4 7 9 6 11 19 
4 3 7 6 11 19 
4 7 9 12 11 19 
4 3 7 9 11 19 
4 7 6 11 15 20 
4 7 9 11 15 20 
4 7 6 11 19 20 
4 7 9 11 19 20 
4 3 2 6 11 15 20 
4 7 6 9 11 15 20 
4 7 9 6 11 15 20 
4 3 7 6 11 15 20 
4 7 9 12 16 21 
4 3 7 9 12 16 21 
4 7 6 9 12 16 21 
4 7 9 11 12 16 21 
4 7 9 12 16 22 21 
4 7 6 11 12 16 21 
4 7 9 11 15 16 21 
4 7 6 11 15 16 21 
4 7 9 12 16 22 
4 3 7 9 12 16 22 
4 7 6 9 12 16 22 
4 7 9 11 12 16 22 
4 7 9 12 13 17 22 
4 7 9 12 16 17 22 
4 5 8 10 13 17 22 
4 7 8 10 13 17 22 
4 5 8 10 13 17 23 
4 7 8 10 13 17 23 
4 7 9 10 13 17 23 
4 7 9 12 13 17 23 
4 7 9 12 16 17 23 
4 7 9 12 16 22 23 
4 5 8 10 14 13 17 23 
4 5 8 10 13 17 22 23 
4 5 8 10 14 18 24 
4 7 8 10 14 18 24 
4 7 9 10 14 18 24 
4 5 8 10 13 14 18 24 
4 3 5 8 10 14 18 24 
4 7 8 10 13 14 18 24 
4 7 6 9 10 14 18 24 
4 7 9 12 13 14 18 24 
5 3 2 1 
5 4 3 2 1 
5 3 7 6 1 
5 3 2 6 1 
5 8 7 6 1 
5 4 7 6 1 
5 4 3 7 6 1 
5 4 3 2 6 1 
5 3 2 
5 4 3 2 
5 3 7 6 2 
5 8 7 3 2 
5 4 7 3 2 
5 8 7 6 2 
5 4 7 6 2 
5 4 3 7 6 2 
5 3 
5 4 3 
5 8 7 3 
5 4 7 3 
5 8 7 4 3 
5 8 10 9 7 3 
5 4 7 6 2 3 
5 8 7 6 2 3 
5 4 
5 3 4 
5 8 7 4 
5 3 7 4 
5 8 7 3 4 
5 8 10 9 7 4 
5 3 2 6 7 4 
5 8 7 6 2 3 4 
5 3 2 6 
5 4 7 6 
5 3 7 6 
5 8 7 6 
5 3 2 1 6 
5 4 3 2 6 
5 4 7 9 6 
5 3 4 7 6 
5 3 7 
5 4 7 
5 8 7 
5 3 4 7 
5 4 3 7 
5 8 10 9 7 
5 3 2 6 7 
5 4 3 2 6 7 
5 8 
5 3 7 8 
5 4 7 8 
5 3 4 7 8 
5 4 3 7 8 
5 3 7 9 10 8 
5 4 7 9 10 8 
5 3 2 6 7 8 
5 3 7 9 
5 4 7 9 
5 8 7 9 
5 8 10 9 
5 3 2 6 9 
5 3 7 6 9 
5 4 3 7 9 
5 4 7 6 9 
5 8 10 
5 3 7 8 10 
5 8 7 9 10 
5 4 7 8 10 
5 3 7 9 10 
5 4 7 9 10 
5 3 4 7 8 10 
5 8 7 6 9 10 
5 3 2 6 11 
5 4 7 6 11 
5 3 7 6 11 
5 8 7 6 11 
5 4 7 9 11 
5 3 7 9 11 
5 8 10 9 11 
5 8 7 9 11 
5 3 7 9 12 
5 4 7 9 12 
5 8 7 9 12 
5 8 10 9 12 
5 8 10 13 12 
5 3 2 6 9 12 
5 3 7 6 9 12 
5 3 7 9 11 12 
5 8 10 13 
5 8 10 14 13 
5 3 7 8 10 13 
5 8 7 9 10 13 
5 8 10 9 12 13 
5 4 7 8 10 13 
5 3 7 9 10 13 
5 8 7 9 12 13 
5 8 10 14 
5 8 10 13 14 
5 3 7 8 10 14 
5 8 7 9 10 14 
5 4 7 8 10 14 
5 3 7 9 10 14 
5 4 7 9 10 14 
5 8 10 9 12 13 14 
5 3 2 6 11 15 
5 4 7 6 11 15 
5 3 7 6 11 15 
5 8 7 6 11 15 
5 4 7 9 11 15 
5 3 7 9 11 15 
5 8 10 9 11 15 
5 8 7 9 11 15 
5 3 7 9 12 16 
5 4 7 9 12 16 
5 8 7 9 12 16 
5 8 10 9 12 16 
5 8 10 13 12 16 
5 8 10 13 17 16 
5 3 2 6 9 12 16 
5 3 7 6 9 12 16 
5 8 10 13 17 
5 8 10 14 13 17 
5 8 10 14 18 17 
5 3 7 8 10 13 17 
5 8 7 9 10 13 17 
5 8 10 13 12 16 17 
5 8 10 9 12 13 17 
5 4 7 8 10 13 17 
5 8 10 14 18 
5 8 10 13 14 18 
5 8 10 13 17 18 
5 3 7 8 10 14 18 
5 8 7 9 10 14 18 
5 8 10 14 13 17 18 
5 4 7 8 10 14 18 
5 3 7 9 10 14 18 
5 3 2 6 11 19 
5 4 7 6 11 19 
5 3 7 6 11 19 
5 8 7 6 11 19 
5 4 7 9 11 19 
5 3 7 9 11 19 
5 8 10 9 11 19 
5 8 7 9 11 19 
5 3 2 6 11 15 20 
5 4 7 6 11 15 20 
5 3 7 6 11 15 20 
5 3 2 6 11 19 20 
5 8 7 6 11 15 20 
5 4 7 9 11 15 20 
5 4 7 6 11 19 20 
5 3 7 9 11 15 20 
5 3 7 9 12 16 21 
5 4 7 9 12 16 21 
5 8 7 9 12 16 21 
5 8 10 9 12 16 21 
5 8 10 13 12 16 21 
5 8 10 13 17 16 21 
5 8 10 13 17 22 21 
5 3 2 6 9 12 16 21 
5 8 10 13 17 22 
5 3 7 9 12 16 22 
5 8 7 9 12 16 22 
5 8 10 9 12 16 22 
5 8 10 13 12 16 22 
5 8 10 13 17 16 22 
5 4 7 9 12 16 22 
5 8 10 14 13 17 22 
5 8 10 13 17 23 
5 8 10 14 13 17 23 
5 8 10 13 17 22 23 
5 8 10 14 18 17 23 
5 8 10 14 18 24 23 
5 3 7 8 10 13 17 23 
5 8 7 9 10 13 17 23 
5 8 10 13 12 16 17 23 
5 8 10 14 18 24 
5 8 10 13 14 18 24 
5 8 10 13 17 18 24 
5 8 10 13 17 23 24 
5 3 7 8 10 14 18 24 
5 8 7 9 10 14 18 24 
5 8 10 14 13 17 18 24 
5 8 10 14 18 17 23 24 
6 1 
6 2 1 
6 7 3 2 1 
6 9 7 3 2 1 
6 7 4 3 2 1 
6 11 9 7 3 2 1 
6 9 7 4 3 2 1 
6 7 8 5 3 2 1 
6 2 
6 1 2 
6 7 3 2 
6 9 7 3 2 
6 7 4 3 2 
6 11 9 7 3 2 
6 9 7 4 3 2 
6 7 8 5 3 2 
6 2 3 
6 7 3 
6 1 2 3 
6 7 4 3 
6 9 7 3 
6 7 8 5 3 
6 7 4 5 3 
6 11 9 7 3 
6 7 4 
6 2 3 4 
6 7 3 4 
6 9 7 4 
6 2 3 5 4 
6 7 8 5 4 
6 7 3 5 4 
6 1 2 3 4 
6 2 3 5 
6 7 3 5 
6 7 4 5 
6 7 8 5 
6 2 3 4 5 
6 1 2 3 5 
6 7 3 4 5 
6 7 4 3 5 
6 7 
6 9 7 
6 2 3 7 
6 11 9 7 
6 9 10 8 7 
6 2 3 4 7 
6 1 2 3 7 
6 11 12 9 7 
6 7 8 
6 9 7 8 
6 9 10 8 
6 7 3 5 8 
6 2 3 5 8 
6 7 4 5 8 
6 11 9 7 8 
6 2 3 7 8 
6 9 
6 7 9 
6 11 9 
6 11 12 9 
6 7 8 10 9 
6 2 3 7 9 
6 11 15 16 12 9 
6 11 12 13 10 9 
6 9 10 
6 7 8 10 
6 11 9 10 
6 7 9 10 
6 9 7 8 10 
6 11 12 9 10 
6 9 12 13 10 
6 11 12 13 10 
6 11 
6 9 11 
6 7 9 11 
6 9 12 11 
6 7 9 12 11 
6 2 3 7 9 11 
6 7 8 10 9 11 
6 9 10 13 12 11 
6 9 12 
6 11 12 
6 9 11 12 
6 7 9 12 
6 11 9 12 
6 9 10 13 12 
6 7 9 11 12 
6 11 15 16 12 
6 9 10 13 
6 11 12 13 
6 9 12 13 
6 9 10 14 13 
6 7 8 10 13 
6 11 9 10 13 
6 9 11 12 13 
6 7 9 10 13 
6 9 10 14 
6 7 8 10 14 
6 9 12 13 14 
6 9 10 13 14 
6 11 9 10 14 
6 7 9 10 14 
6 11 12 13 14 
6 7 8 10 13 14 
6 11 15 
6 9 11 15 
6 11 12 16 15 
6 7 9 11 15 
6 9 12 11 15 
6 11 19 20 15 
6 9 12 16 15 
6 9 11 12 16 15 
6 9 12 16 
6 11 12 16 
6 11 15 16 
6 9 11 12 16 
6 7 9 12 16 
6 11 9 12 16 
6 9 11 15 16 
6 9 12 11 15 16 
6 9 10 13 17 
6 11 12 13 17 
6 9 12 13 17 
6 11 15 16 17 
6 11 12 16 17 
6 9 12 16 17 
6 9 10 14 13 17 
6 7 8 10 13 17 
6 9 10 14 18 
6 7 8 10 14 18 
6 9 12 13 14 18 
6 9 10 13 14 18 
6 11 9 10 14 18 
6 7 9 10 14 18 
6 9 12 16 17 18 
6 9 12 13 17 18 
6 11 19 
6 9 11 19 
6 11 15 20 19 
6 7 9 11 19 
6 9 12 11 19 
6 9 11 15 20 19 
6 7 9 12 11 19 
6 11 12 16 15 20 19 
6 11 15 20 
6 11 19 20 
6 9 11 15 20 
6 9 11 19 20 
6 11 15 16 21 20 
6 11 12 16 15 20 
6 7 9 11 15 20 
6 9 12 11 15 20 
6 9 12 16 21 
6 11 12 16 21 
6 11 15 16 21 
6 11 19 20 21 
6 11 15 20 21 
6 9 11 12 16 21 
6 9 12 16 22 21 
6 7 9 12 16 21 
6 9 12 16 22 
6 11 12 16 22 
6 11 15 16 22 
6 9 11 12 16 22 
6 9 12 13 17 22 
6 9 12 16 17 22 
6 7 9 12 16 22 
6 11 12 13 17 22 
6 9 10 13 17 23 
6 11 12 13 17 23 
6 9 12 13 17 23 
6 11 15 16 17 23 
6 11 12 16 17 23 
6 9 12 16 17 23 
6 11 15 16 22 23 
6 11 12 16 22 23 
6 9 10 14 18 24 
6 7 8 10 14 18 24 
6 9 12 13 14 18 24 
6 9 10 13 14 18 24 
6 11 9 10 14 18 24 
6 7 9 10 14 18 24 
6 9 12 16 17 18 24 
6 9 12 13 17 18 24 
7 6 1 
7 3 2 1 
7 6 2 1 
7 9 6 1 
7 3 2 6 1 
7 4 3 2 1 
7 9 11 6 1 
7 9 6 2 1 
7 3 2 
7 6 2 
7 4 3 2 
7 6 1 2 
7 9 6 2 
7 4 5 3 2 
7 8 5 3 2 
7 9 11 6 2 
7 3 
7 4 3 
7 6 2 3 
7 4 5 3 
7 8 5 3 
7 6 1 2 3 
7 9 6 2 3 
7 8 5 4 3 
7 4 
7 3 4 
7 8 5 4 
7 3 5 4 
7 6 2 3 4 
7 8 5 3 4 
7 9 6 2 3 4 
7 6 1 2 3 4 
7 3 5 
7 4 5 
7 8 5 
7 3 4 5 
7 4 3 5 
7 6 2 3 5 
7 9 10 8 5 
7 6 1 2 3 5 
7 6 
7 9 6 
7 3 2 6 
7 9 11 6 
7 4 3 2 6 
7 3 2 1 6 
7 9 12 11 6 
7 8 10 9 6 
7 8 
7 3 5 8 
7 4 5 8 
7 9 10 8 
7 3 4 5 8 
7 4 3 5 8 
7 6 9 10 8 
7 9 12 13 10 8 
7 9 
7 6 9 
7 8 10 9 
7 6 11 9 
7 3 2 6 9 
7 6 11 12 9 
7 8 10 13 12 9 
7 4 3 2 6 9 
7 8 10 
7 9 10 
7 6 9 10 
7 9 12 13 10 
7 3 5 8 10 
7 6 11 9 10 
7 4 5 8 10 
7 6 9 12 13 10 
7 6 11 
7 9 11 
7 6 9 11 
7 9 6 11 
7 9 12 11 
7 3 2 6 11 
7 6 9 12 11 
7 8 10 9 11 
7 9 12 
7 6 9 12 
7 9 11 12 
7 6 11 12 
7 8 10 9 12 
7 6 9 11 12 
7 9 6 11 12 
7 6 11 9 12 
7 8 10 13 
7 9 10 13 
7 9 12 13 
7 8 10 14 13 
7 6 9 10 13 
7 9 10 14 13 
7 9 11 12 13 
7 6 11 12 13 
7 8 10 14 
7 9 10 14 
7 8 10 13 14 
7 6 9 10 14 
7 9 12 13 14 
7 9 10 13 14 
7 3 5 8 10 14 
7 6 11 9 10 14 
7 6 11 15 
7 9 11 15 
7 6 9 11 15 
7 9 6 11 15 
7 9 12 11 15 
7 9 12 16 15 
7 6 11 12 16 15 
7 3 2 6 11 15 
7 9 12 16 
7 6 9 12 16 
7 9 11 12 16 
7 6 11 12 16 
7 9 11 15 16 
7 6 11 15 16 
7 9 12 11 15 16 
7 8 10 9 12 16 
7 8 10 13 17 
7 9 10 13 17 
7 9 12 13 17 
7 9 12 16 17 
7 8 10 14 13 17 
7 6 9 10 13 17 
7 9 10 14 13 17 
7 9 11 12 13 17 
7 8 10 14 18 
7 9 10 14 18 
7 8 10 13 14 18 
7 6 9 10 14 18 
7 9 12 13 14 18 
7 9 10 13 14 18 
7 8 10 13 17 18 
7 9 12 16 17 18 
7 6 11 19 
7 9 11 19 
7 6 9 11 19 
7 9 6 11 19 
7 9 12 11 19 
7 6 11 15 20 19 
7 3 2 6 11 19 
7 9 11 15 20 19 
7 6 11 15 20 
7 9 11 15 20 
7 6 11 19 20 
7 9 11 19 20 
7 6 9 11 15 20 
7 9 6 11 15 20 
7 6 9 11 19 20 
7 9 12 11 15 20 
7 9 12 16 21 
7 6 9 12 16 21 
7 9 11 12 16 21 
7 9 12 16 22 21 
7 6 11 12 16 21 
7 9 11 15 16 21 
7 6 11 15 16 21 
7 9 11 19 20 21 
7 9 12 16 22 
7 6 9 12 16 22 
7 9 11 12 16 22 
7 9 12 13 17 22 
7 9 12 16 17 22 
7 8 10 13 17 22 
7 6 11 12 16 22 
7 9 10 13 17 22 
7 8 10 13 17 23 
7 9 10 13 17 23 
7 9 12 13 17 23 
7 9 12 16 17 23 
7 9 12 16 22 23 
7 8 10 14 13 17 23 
7 8 10 13 17 22 23 
7 6 9 10 13 17 23 
7 8 10 14 18 24 
7 9 10 14 18 24 
7 8 10 13 14 18 24 
7 6 9 10 14 18 24 
7 9 12 13 14 18 24 
7 9 10 13 14 18 24 
7 8 10 13 17 18 24 
7 9 12 16 17 18 24 
8 7 6 1 
8 5 3 2 1 
8 7 3 2 1 
8 7 6 2 1 
8 10 9 6 1 
8 7 9 6 1 
8 5 4 3 2 1 
8 5 3 7 6 1 
8 5 3 2 
8 7 3 2 
8 7 6 2 
8 5 4 3 2 
8 10 9 6 2 
8 7 4 3 2 
8 7 6 1 2 
8 7 9 6 2 
8 5 3 
8 7 3 
8 5 4 3 
8 7 4 3 
8 10 9 7 3 
8 5 4 7 3 
8 7 6 2 3 
8 7 4 5 3 
8 5 4 
8 7 4 
8 5 3 4 
8 7 3 4 
8 10 9 7 4 
8 5 3 7 4 
8 7 3 5 4 
8 7 6 2 3 4 
8 5 
8 7 3 5 
8 7 4 5 
8 7 3 4 5 
8 7 4 3 5 
8 10 9 7 3 5 
8 7 6 2 3 5 
8 10 9 7 4 5 
8 7 6 
8 10 9 6 
8 7 9 6 
8 5 3 2 6 
8 10 9 7 6 
8 7 3 2 6 
8 7 9 11 6 
8 5 4 7 6 
8 7 
8 5 3 7 
8 10 9 7 
8 5 4 7 
8 5 3 4 7 
8 10 9 6 7 
8 5 4 3 7 
8 10 13 12 9 7 
8 7 9 
8 10 9 
8 7 6 9 
8 5 3 7 9 
8 10 13 12 9 
8 7 6 11 9 
8 5 4 7 9 
8 7 3 2 6 9 
8 10 
8 7 9 10 
8 7 6 9 10 
8 5 3 7 9 10 
8 7 9 12 13 10 
8 7 6 11 9 10 
8 5 4 7 9 10 
8 7 3 2 6 9 10 
8 7 6 11 
8 10 9 11 
8 7 9 11 
8 7 6 9 11 
8 10 13 12 11 
8 10 9 6 11 
8 7 9 6 11 
8 10 9 12 11 
8 7 9 12 
8 10 9 12 
8 10 13 12 
8 7 6 9 12 
8 7 9 11 12 
8 10 9 11 12 
8 10 14 13 12 
8 7 6 11 12 
8 10 13 
8 10 14 13 
8 7 9 10 13 
8 10 9 12 13 
8 7 9 12 13 
8 10 14 18 17 13 
8 7 6 9 10 13 
8 7 9 10 14 13 
8 10 14 
8 10 13 14 
8 7 9 10 14 
8 10 9 12 13 14 
8 10 13 17 18 14 
8 7 6 9 10 14 
8 7 9 12 13 14 
8 7 9 10 13 14 
8 7 6 11 15 
8 10 9 11 15 
8 7 9 11 15 
8 7 6 9 11 15 
8 10 13 12 11 15 
8 10 9 6 11 15 
8 7 9 6 11 15 
8 10 13 17 16 15 
8 7 9 12 16 
8 10 9 12 16 
8 10 13 12 16 
8 10 13 17 16 
8 7 6 9 12 16 
8 7 9 11 12 16 
8 10 9 11 12 16 
8 10 14 13 12 16 
8 10 13 17 
8 10 14 13 17 
8 10 14 18 17 
8 7 9 10 13 17 
8 10 13 12 16 17 
8 10 9 12 13 17 
8 7 9 12 13 17 
8 10 13 14 18 17 
8 10 14 18 
8 10 13 14 18 
8 10 13 17 18 
8 7 9 10 14 18 
8 10 14 13 17 18 
8 10 9 12 13 14 18 
8 10 13 12 16 17 18 
8 10 13 17 23 24 18 
8 7 6 11 19 
8 10 9 11 19 
8 7 9 11 19 
8 7 6 9 11 19 
8 10 13 12 11 19 
8 10 9 6 11 19 
8 7 9 6 11 19 
8 10 9 12 11 19 
8 7 6 11 15 20 
8 10 9 11 15 20 
8 7 9 11 15 20 
8 7 6 11 19 20 
8 10 9 11 19 20 
8 7 9 11 19 20 
8 7 6 9 11 15 20 
8 10 13 12 11 15 20 
8 7 9 12 16 21 
8 10 9 12 16 21 
8 10 13 12 16 21 
8 10 13 17 16 21 
8 10 13 17 22 21 
8 7 6 9 12 16 21 
8 7 9 11 12 16 21 
8 7 9 12 16 22 21 
8 10 13 17 22 
8 7 9 12 16 22 
8 10 9 12 16 22 
8 10 13 12 16 22 
8 10 13 17 16 22 
8 10 14 13 17 22 
8 10 13 17 23 22 
8 10 14 18 17 22 
8 10 13 17 23 
8 10 14 13 17 23 
8 10 13 17 22 23 
8 10 14 18 17 23 
8 10 14 18 24 23 
8 7 9 10 13 17 23 
8 10 13 12 16 17 23 
8 10 9 12 13 17 23 
8 10 14 18 24 
8 10 13 14 18 24 
8 10 13 17 18 24 
8 10 13 17 23 24 
8 7 9 10 14 18 24 
8 10 14 13 17 18 24 
8 10 14 18 17 23 24 
8 10 13 17 22 23 24 
9 6 1 
9 7 6 1 
9 6 2 1 
9 11 6 1 
9 7 3 2 1 
9 7 6 2 1 
9 12 11 6 1 
9 11 6 2 1 
9 6 2 
9 7 3 2 
9 6 1 2 
9 11 6 2 
9 7 6 2 
9 6 7 3 2 
9 12 11 6 2 
9 11 6 1 2 
9 7 3 
9 6 2 3 
9 7 4 3 
9 6 7 3 
9 11 6 2 3 
9 7 6 2 3 
9 7 4 5 3 
9 6 1 2 3 
9 7 4 
9 6 7 4 
9 7 3 4 
9 10 8 5 4 
9 6 2 3 4 
9 6 7 3 4 
9 7 8 5 4 
9 7 3 5 4 
9 7 3 5 
9 10 8 5 
9 7 4 5 
9 7 8 5 
9 7 3 4 5 
9 6 2 3 5 
9 7 4 3 5 
9 6 7 3 5 
9 6 
9 7 6 
9 11 6 
9 12 11 6 
9 7 3 2 6 
9 10 8 7 6 
9 12 16 15 11 6 
9 7 4 3 2 6 
9 7 
9 6 7 
9 11 6 7 
9 10 8 7 
9 6 2 3 7 
9 12 11 6 7 
9 11 6 2 3 7 
9 10 8 5 3 7 
9 7 8 
9 10 8 
9 6 7 8 
9 7 3 5 8 
9 11 6 7 8 
9 7 4 5 8 
9 12 13 10 8 
9 6 2 3 5 8 
9 10 
9 7 8 10 
9 12 13 10 
9 6 7 8 10 
9 12 13 14 10 
9 11 12 13 10 
9 7 3 5 8 10 
9 12 16 17 13 10 
9 11 
9 6 11 
9 12 11 
9 7 6 11 
9 12 16 15 11 
9 10 13 12 11 
9 7 3 2 6 11 
9 10 8 7 6 11 
9 12 
9 11 12 
9 6 11 12 
9 10 13 12 
9 11 15 16 12 
9 7 6 11 12 
9 10 14 13 12 
9 6 11 15 16 12 
9 10 13 
9 12 13 
9 10 14 13 
9 11 12 13 
9 12 16 17 13 
9 7 8 10 13 
9 6 11 12 13 
9 10 14 18 17 13 
9 10 14 
9 12 13 14 
9 10 13 14 
9 7 8 10 14 
9 12 13 10 14 
9 11 12 13 14 
9 12 16 17 13 14 
9 10 13 17 18 14 
9 11 15 
9 6 11 15 
9 12 11 15 
9 12 16 15 
9 11 12 16 15 
9 7 6 11 15 
9 11 19 20 15 
9 6 11 12 16 15 
9 12 16 
9 11 12 16 
9 11 15 16 
9 12 11 15 16 
9 6 11 12 16 
9 12 13 17 16 
9 10 13 12 16 
9 6 11 15 16 
9 10 13 17 
9 12 13 17 
9 12 16 17 
9 10 14 13 17 
9 11 12 13 17 
9 12 16 22 17 
9 10 14 18 17 
9 11 15 16 17 
9 10 14 18 
9 12 13 14 18 
9 10 13 14 18 
9 12 16 17 18 
9 12 13 17 18 
9 10 13 17 18 
9 10 14 13 17 18 
9 7 8 10 14 18 
9 11 19 
9 6 11 19 
9 12 11 19 
9 11 15 20 19 
9 7 6 11 19 
9 6 11 15 20 19 
9 12 16 15 11 19 
9 12 11 15 20 19 
9 11 15 20 
9 11 19 20 
9 6 11 15 20 
9 12 11 15 20 
9 6 11 19 20 
9 12 16 15 20 
9 12 11 19 20 
9 12 16 21 20 
9 12 16 21 
9 11 12 16 21 
9 12 16 22 21 
9 11 15 16 21 
9 11 19 20 21 
9 11 15 20 21 
9 12 11 15 16 21 
9 6 11 12 16 21 
9 12 16 22 
9 11 12 16 22 
9 12 13 17 22 
9 12 16 17 22 
9 10 13 17 22 
9 11 15 16 22 
9 12 16 21 22 
9 11 12 13 17 22 
9 10 13 17 23 
9 12 13 17 23 
9 12 16 17 23 
9 12 16 22 23 
9 10 14 13 17 23 
9 10 13 17 22 23 
9 11 12 13 17 23 
9 12 13 17 22 23 
9 10 14 18 24 
9 12 13 14 18 24 
9 10 13 14 18 24 
9 12 16 17 18 24 
9 12 13 17 18 24 
9 10 13 17 18 24 
9 12 16 22 23 24 
9 12 16 17 23 24 
10 9 6 1 
10 8 7 6 1 
10 9 7 6 1 
10 9 6 2 1 
10 9 11 6 1 
10 13 12 9 6 1 
10 8 5 3 2 1 
10 8 7 3 2 1 
10 9 6 2 
10 8 5 3 2 
10 9 7 3 2 
10 9 6 1 2 
10 8 7 3 2 
10 9 11 6 2 
10 9 7 6 2 
10 8 7 6 2 
10 8 5 3 
10 9 7 3 
10 8 7 3 
10 8 5 4 3 
10 9 6 2 3 
10 9 7 4 3 
10 8 7 4 3 
10 9 6 7 3 
10 8 5 4 
10 9 7 4 
10 8 7 4 
10 8 5 3 4 
10 9 6 7 4 
10 9 7 3 4 
10 8 7 3 4 
10 13 12 9 7 4 
10 8 5 
10 9 7 3 5 
10 8 7 3 5 
10 9 7 4 5 
10 8 7 4 5 
10 9 7 8 5 
10 9 6 2 3 5 
10 9 7 3 4 5 
10 9 6 
10 8 7 6 
10 9 7 6 
10 9 11 6 
10 13 12 9 6 
10 8 7 9 6 
10 9 12 11 6 
10 13 12 11 6 
10 8 7 
10 9 7 
10 9 6 7 
10 8 5 3 7 
10 13 12 9 7 
10 9 11 6 7 
10 8 5 4 7 
10 9 6 2 3 7 
10 8 
10 9 7 8 
10 9 6 7 8 
10 13 12 9 7 8 
10 9 7 3 5 8 
10 9 11 6 7 8 
10 9 7 4 5 8 
10 9 6 2 3 5 8 
10 9 
10 8 7 9 
10 13 12 9 
10 8 7 6 9 
10 14 13 12 9 
10 13 12 11 9 
10 8 5 3 7 9 
10 13 17 16 12 9 
10 9 11 
10 13 12 11 
10 9 6 11 
10 9 12 11 
10 8 7 6 11 
10 13 12 9 11 
10 9 7 6 11 
10 14 13 12 11 
10 9 12 
10 13 12 
10 9 11 12 
10 14 13 12 
10 13 17 16 12 
10 9 6 11 12 
10 8 7 9 12 
10 9 11 15 16 12 
10 13 
10 14 13 
10 9 12 13 
10 14 18 17 13 
10 9 11 12 13 
10 8 7 9 12 13 
10 9 12 16 17 13 
10 9 6 11 12 13 
10 14 
10 13 14 
10 9 12 13 14 
10 13 17 18 14 
10 9 11 12 13 14 
10 8 7 9 12 13 14 
10 9 12 16 17 13 14 
10 9 12 13 17 18 14 
10 9 11 15 
10 13 12 11 15 
10 9 6 11 15 
10 13 17 16 15 
10 13 12 16 15 
10 9 12 11 15 
10 9 12 16 15 
10 9 11 12 16 15 
10 9 12 16 
10 13 12 16 
10 13 17 16 
10 9 11 12 16 
10 14 13 12 16 
10 13 17 22 16 
10 9 11 15 16 
10 14 18 17 16 
10 13 17 
10 14 13 17 
10 14 18 17 
10 13 12 16 17 
10 9 12 13 17 
10 13 14 18 17 
10 9 12 16 17 
10 14 13 12 16 17 
10 14 18 
10 13 14 18 
10 13 17 18 
10 14 13 17 18 
10 9 12 13 14 18 
10 13 12 16 17 18 
10 13 17 23 24 18 
10 9 12 16 17 18 
10 9 11 19 
10 13 12 11 19 
10 9 6 11 19 
10 9 12 11 19 
10 9 11 15 20 19 
10 8 7 6 11 19 
10 13 12 9 11 19 
10 9 7 6 11 19 
10 9 11 15 20 
10 9 11 19 20 
10 13 12 11 15 20 
10 9 6 11 15 20 
10 13 17 16 15 20 
10 13 12 16 15 20 
10 13 12 11 19 20 
10 9 12 11 15 20 
10 9 12 16 21 
10 13 12 16 21 
10 13 17 16 21 
10 13 17 22 21 
10 9 11 12 16 21 
10 9 12 16 22 21 
10 14 13 12 16 21 
10 13 12 16 22 21 
10 13 17 22 
10 9 12 16 22 
10 13 12 16 22 
10 13 17 16 22 
10 14 13 17 22 
10 13 17 23 22 
10 14 18 17 22 
10 9 11 12 16 22 
10 13 17 23 
10 14 13 17 23 
10 13 17 22 23 
10 14 18 17 23 
10 14 18 24 23 
10 13 12 16 17 23 
10 9 12 13 17 23 
10 14 13 17 22 23 
10 14 18 24 
10 13 14 18 24 
10 13 17 18 24 
10 13 17 23 24 
10 14 13 17 18 24 
10 14 18 17 23 24 
10 13 17 22 23 24 
10 14 13 17 23 24 
11 6 1 
11 9 6 1 
11 6 2 1 
11 12 9 6 1 
11 9 7 6 1 
11 9 6 2 1 
11 6 7 3 2 1 
11 12 9 7 6 1 
11 6 2 
11 9 6 2 
11 6 1 2 
11 12 9 6 2 
11 9 7 3 2 
11 9 6 1 2 
11 6 7 3 2 
11 9 7 6 2 
11 6 2 3 
11 9 7 3 
11 6 7 3 
11 12 9 7 3 
11 9 6 2 3 
11 9 7 4 3 
11 6 1 2 3 
11 6 7 4 3 
11 6 7 4 
11 9 7 4 
11 6 2 3 4 
11 6 7 3 4 
11 12 9 7 4 
11 9 6 7 4 
11 9 7 3 4 
11 6 9 7 4 
11 6 2 3 5 
11 9 7 3 5 
11 6 7 3 5 
11 9 10 8 5 
11 9 7 4 5 
11 6 7 4 5 
11 9 7 8 5 
11 6 7 8 5 
11 6 
11 9 6 
11 12 9 6 
11 9 7 6 
11 12 9 7 6 
11 15 16 12 9 6 
11 12 13 10 9 6 
11 9 10 8 7 6 
11 6 7 
11 9 7 
11 6 9 7 
11 12 9 7 
11 9 6 7 
11 6 2 3 7 
11 12 9 6 7 
11 9 10 8 7 
11 6 7 8 
11 9 7 8 
11 9 10 8 
11 6 9 7 8 
11 12 9 7 8 
11 9 6 7 8 
11 6 9 10 8 
11 12 13 10 8 
11 9 
11 6 9 
11 12 9 
11 6 7 9 
11 15 16 12 9 
11 12 13 10 9 
11 6 2 3 7 9 
11 6 7 8 10 9 
11 9 10 
11 6 9 10 
11 12 9 10 
11 12 13 10 
11 9 7 8 10 
11 6 7 8 10 
11 12 13 14 10 
11 9 12 13 10 
11 12 
11 9 12 
11 6 9 12 
11 15 16 12 
11 9 10 13 12 
11 6 7 9 12 
11 6 9 10 13 12 
11 19 20 15 16 12 
11 12 13 
11 9 10 13 
11 9 12 13 
11 12 9 10 13 
11 6 9 10 13 
11 9 10 14 13 
11 12 16 17 13 
11 15 16 12 13 
11 9 10 14 
11 12 13 14 
11 9 12 13 14 
11 9 10 13 14 
11 6 9 10 14 
11 12 9 10 14 
11 12 13 10 14 
11 9 7 8 10 14 
11 15 
11 12 16 15 
11 19 20 15 
11 9 12 16 15 
11 12 13 17 16 15 
11 12 16 21 20 15 
11 19 20 21 16 15 
11 6 9 12 16 15 
11 12 16 
11 15 16 
11 9 12 16 
11 12 13 17 16 
11 15 20 21 16 
11 6 9 12 16 
11 19 20 15 16 
11 19 20 21 16 
11 12 13 17 
11 15 16 17 
11 12 16 17 
11 9 10 13 17 
11 15 16 22 17 
11 12 16 22 17 
11 9 12 13 17 
11 9 12 16 17 
11 9 10 14 18 
11 12 13 14 18 
11 15 16 17 18 
11 12 16 17 18 
11 12 13 17 18 
11 9 12 13 14 18 
11 9 10 13 14 18 
11 6 9 10 14 18 
11 19 
11 15 20 19 
11 12 16 15 20 19 
11 15 16 21 20 19 
11 12 16 21 20 19 
11 9 12 16 15 20 19 
11 15 16 22 21 20 19 
11 12 16 22 21 20 19 
11 15 20 
11 19 20 
11 15 16 21 20 
11 12 16 15 20 
11 12 16 21 20 
11 15 16 22 21 20 
11 9 12 16 15 20 
11 12 16 22 21 20 
11 12 16 21 
11 15 16 21 
11 19 20 21 
11 15 20 21 
11 12 16 22 21 
11 15 16 22 21 
11 9 12 16 21 
11 12 13 17 16 21 
11 12 16 22 
11 15 16 22 
11 12 13 17 22 
11 12 16 17 22 
11 9 12 16 22 
11 15 20 21 22 
11 15 16 17 22 
11 12 16 21 22 
11 12 13 17 23 
11 15 16 17 23 
11 12 16 17 23 
11 15 16 22 23 
11 12 16 22 23 
11 12 13 17 22 23 
11 9 10 13 17 23 
11 15 20 21 22 23 
11 9 10 14 18 24 
11 12 13 14 18 24 
11 15 16 17 18 24 
11 12 16 17 18 24 
11 12 13 17 18 24 
11 15 16 22 23 24 
11 15 16 17 23 24 
11 12 16 22 23 24 
12 9 6 1 
12 11 6 1 
12 9 7 6 1 
12 9 6 2 1 
12 11 9 6 1 
12 11 6 2 1 
12 9 11 6 1 
12 13 10 9 6 1 
12 9 6 2 
12 11 6 2 
12 9 7 3 2 
12 9 6 1 2 
12 11 9 6 2 
12 11 6 1 2 
12 9 11 6 2 
12 9 7 6 2 
12 9 7 3 
12 11 6 2 3 
12 9 6 2 3 
12 9 7 4 3 
12 11 9 7 3 
12 11 6 7 3 
12 9 6 7 3 
12 13 10 8 5 3 
12 9 7 4 
12 11 6 7 4 
12 9 6 7 4 
12 9 7 3 4 
12 11 9 7 4 
12 13 10 8 5 4 
12 11 6 2 3 4 
12 11 6 7 3 4 
12 9 7 3 5 
12 13 10 8 5 
12 9 10 8 5 
12 9 7 4 5 
12 9 7 8 5 
12 9 7 3 4 5 
12 11 6 2 3 5 
12 13 14 10 8 5 
12 9 6 
12 11 6 
12 9 7 6 
12 11 9 6 
12 9 11 6 
12 13 10 9 6 
12 11 9 7 6 
12 16 15 11 6 
12 9 7 
12 11 6 7 
12 9 6 7 
12 11 9 7 
12 13 10 8 7 
12 11 6 9 7 
12 9 11 6 7 
12 11 9 6 7 
12 9 7 8 
12 13 10 8 
12 9 10 8 
12 11 6 7 8 
12 13 14 10 8 
12 9 6 7 8 
12 11 9 7 8 
12 11 9 10 8 
12 9 
12 11 9 
12 13 10 9 
12 11 6 9 
12 16 15 11 9 
12 13 14 10 9 
12 11 6 7 9 
12 13 10 8 7 9 
12 9 10 
12 13 10 
12 11 9 10 
12 13 14 10 
12 9 7 8 10 
12 16 17 13 10 
12 11 6 9 10 
12 11 9 7 8 10 
12 11 
12 9 11 
12 16 15 11 
12 9 6 11 
12 13 10 9 11 
12 9 7 6 11 
12 16 21 20 15 11 
12 16 15 20 19 11 
12 13 
12 9 10 13 
12 16 17 13 
12 9 10 14 13 
12 11 9 10 13 
12 16 22 17 13 
12 9 7 8 10 13 
12 16 17 18 14 13 
12 13 14 
12 9 10 14 
12 13 10 14 
12 11 9 10 14 
12 9 10 13 14 
12 13 17 18 14 
12 16 17 13 14 
12 16 17 18 14 
12 11 15 
12 16 15 
12 9 11 15 
12 11 19 20 15 
12 16 21 20 15 
12 13 17 16 15 
12 9 6 11 15 
12 9 11 19 20 15 
12 16 
12 11 15 16 
12 13 17 16 
12 9 11 15 16 
12 13 17 22 16 
12 11 19 20 15 16 
12 11 15 20 21 16 
12 13 14 18 17 16 
12 13 17 
12 16 17 
12 16 22 17 
12 13 14 18 17 
12 9 10 13 17 
12 16 21 22 17 
12 16 22 23 17 
12 11 15 16 17 
12 13 14 18 
12 16 17 18 
12 13 17 18 
12 9 10 14 18 
12 16 22 17 18 
12 13 10 14 18 
12 16 17 13 14 18 
12 13 17 23 24 18 
12 11 19 
12 9 11 19 
12 11 15 20 19 
12 16 15 11 19 
12 9 6 11 19 
12 16 21 20 19 
12 16 15 20 19 
12 9 11 15 20 19 
12 11 15 20 
12 16 15 20 
12 11 19 20 
12 16 21 20 
12 9 11 15 20 
12 16 22 21 20 
12 9 11 19 20 
12 11 15 16 21 20 
12 16 21 
12 16 22 21 
12 11 15 16 21 
12 16 15 20 21 
12 13 17 16 21 
12 11 19 20 21 
12 11 15 20 21 
12 16 17 22 21 
12 16 22 
12 13 17 22 
12 16 17 22 
12 16 21 22 
12 11 15 16 22 
12 13 17 16 22 
12 16 17 23 22 
12 13 17 23 22 
12 13 17 23 
12 16 17 23 
12 16 22 23 
12 13 17 22 23 
12 16 17 22 23 
12 16 21 22 23 
12 16 22 17 23 
12 13 14 18 17 23 
12 13 14 18 24 
12 16 17 18 24 
12 13 17 18 24 
12 16 22 23 24 
12 16 17 23 24 
12 13 17 23 24 
12 9 10 14 18 24 
12 13 10 14 18 24 
13 10 9 6 1 
13 12 9 6 1 
13 12 11 6 1 
13 10 8 7 6 1 
13 10 9 7 6 1 
13 10 9 6 2 1 
13 14 10 9 6 1 
13 12 9 7 6 1 
13 10 9 6 2 
13 12 9 6 2 
13 12 11 6 2 
13 10 8 5 3 2 
13 10 9 7 3 2 
13 10 9 6 1 2 
13 14 10 9 6 2 
13 12 9 7 3 2 
13 10 8 5 3 
13 12 9 7 3 
13 10 9 7 3 
13 10 8 7 3 
13 10 8 5 4 3 
13 14 10 8 5 3 
13 12 11 6 2 3 
13 12 9 6 2 3 
13 10 8 5 4 
13 12 9 7 4 
13 10 9 7 4 
13 10 8 7 4 
13 10 8 5 3 4 
13 14 10 8 5 4 
13 12 11 6 7 4 
13 12 9 6 7 4 
13 10 8 5 
13 14 10 8 5 
13 10 9 7 3 5 
13 10 8 7 3 5 
13 12 9 7 3 5 
13 10 9 7 4 5 
13 10 8 7 4 5 
13 12 9 10 8 5 
13 10 9 6 
13 12 9 6 
13 12 11 6 
13 10 8 7 6 
13 10 9 7 6 
13 14 10 9 6 
13 12 9 7 6 
13 12 11 9 6 
13 10 8 7 
13 12 9 7 
13 10 9 7 
13 14 10 8 7 
13 12 11 6 7 
13 12 9 6 7 
13 10 9 6 7 
13 14 10 9 7 
13 10 8 
13 14 10 8 
13 10 9 7 8 
13 12 9 7 8 
13 12 9 10 8 
13 14 10 9 7 8 
13 10 9 6 7 8 
13 17 18 14 10 8 
13 10 9 
13 12 9 
13 14 10 9 
13 12 11 9 
13 10 8 7 9 
13 17 16 12 9 
13 12 11 6 9 
13 14 10 8 7 9 
13 10 
13 14 10 
13 12 9 10 
13 17 18 14 10 
13 12 11 9 10 
13 12 9 7 8 10 
13 17 16 12 9 10 
13 12 11 6 9 10 
13 12 11 
13 10 9 11 
13 12 9 11 
13 14 10 9 11 
13 10 9 6 11 
13 12 16 15 11 
13 12 9 6 11 
13 17 16 12 11 
13 12 
13 10 9 12 
13 17 16 12 
13 10 9 11 12 
13 14 10 9 12 
13 17 22 16 12 
13 10 8 7 9 12 
13 17 16 15 11 12 
13 14 
13 10 14 
13 17 18 14 
13 12 9 10 14 
13 17 23 24 18 14 
13 12 11 9 10 14 
13 12 16 17 18 14 
13 12 9 7 8 10 14 
13 12 11 15 
13 17 16 15 
13 12 16 15 
13 10 9 11 15 
13 17 22 16 15 
13 12 9 11 15 
13 12 11 19 20 15 
13 17 16 12 11 15 
13 12 16 
13 17 16 
13 17 22 16 
13 12 11 15 16 
13 10 9 12 16 
13 17 23 22 16 
13 17 22 21 16 
13 14 18 17 16 
13 17 
13 12 16 17 
13 14 18 17 
13 12 16 22 17 
13 10 14 18 17 
13 12 11 15 16 17 
13 14 18 24 23 17 
13 12 16 21 22 17 
13 14 18 
13 17 18 
13 10 14 18 
13 17 23 24 18 
13 12 16 17 18 
13 17 22 23 24 18 
13 12 9 10 14 18 
13 12 16 22 17 18 
13 12 11 19 
13 10 9 11 19 
13 12 9 11 19 
13 12 11 15 20 19 
13 14 10 9 11 19 
13 10 9 6 11 19 
13 12 16 15 11 19 
13 12 9 6 11 19 
13 12 11 15 20 
13 17 16 15 20 
13 12 16 15 20 
13 12 11 19 20 
13 17 22 21 20 
13 17 16 21 20 
13 12 16 21 20 
13 10 9 11 15 20 
13 12 16 21 
13 17 16 21 
13 17 22 21 
13 12 16 22 21 
13 17 16 22 21 
13 17 23 22 21 
13 17 22 16 21 
13 12 11 15 16 21 
13 17 22 
13 12 16 22 
13 17 16 22 
13 17 23 22 
13 14 18 17 22 
13 12 16 17 22 
13 17 16 21 22 
13 12 16 21 22 
13 17 23 
13 17 22 23 
13 12 16 17 23 
13 17 16 22 23 
13 14 18 17 23 
13 12 16 22 23 
13 17 18 24 23 
13 14 18 24 23 
13 14 18 24 
13 17 18 24 
13 17 23 24 
13 10 14 18 24 
13 17 22 23 24 
13 14 18 17 23 24 
13 12 16 17 18 24 
13 17 16 22 23 24 
14 10 9 6 1 
14 13 10 9 6 1 
14 10 8 7 6 1 
14 10 9 7 6 1 
14 10 9 6 2 1 
14 13 12 9 6 1 
14 10 9 11 6 1 
14 13 12 11 6 1 
14 10 9 6 2 
14 13 10 9 6 2 
14 10 8 5 3 2 
14 10 9 7 3 2 
14 10 9 6 1 2 
14 13 12 9 6 2 
14 10 8 7 3 2 
14 10 9 11 6 2 
14 10 8 5 3 
14 10 9 7 3 
14 10 8 7 3 
14 13 10 8 5 3 
14 10 8 5 4 3 
14 10 9 6 2 3 
14 10 9 7 4 3 
14 10 8 7 4 3 
14 10 8 5 4 
14 10 9 7 4 
14 10 8 7 4 
14 13 10 8 5 4 
14 10 8 5 3 4 
14 10 9 6 7 4 
14 10 9 7 3 4 
14 10 8 7 3 4 
14 10 8 5 
14 13 10 8 5 
14 10 9 7 3 5 
14 10 8 7 3 5 
14 10 9 7 4 5 
14 10 8 7 4 5 
14 10 9 7 8 5 
14 18 17 13 10 8 5 
14 10 9 6 
14 13 10 9 6 
14 10 8 7 6 
14 10 9 7 6 
14 13 12 9 6 
14 10 9 11 6 
14 13 12 11 6 
14 13 10 8 7 6 
14 10 8 7 
14 10 9 7 
14 13 10 8 7 
14 10 9 6 7 
14 13 12 9 7 
14 13 10 9 7 
14 10 8 5 3 7 
14 10 13 12 9 7 
14 10 8 
14 13 10 8 
14 10 9 7 8 
14 18 17 13 10 8 
14 13 12 9 7 8 
14 13 10 9 7 8 
14 10 9 6 7 8 
14 13 12 9 10 8 
14 10 9 
14 13 10 9 
14 13 12 9 
14 10 8 7 9 
14 13 12 11 9 
14 10 13 12 9 
14 18 17 13 10 9 
14 13 10 8 7 9 
14 10 
14 13 10 
14 18 17 13 10 
14 13 12 9 10 
14 13 12 11 9 10 
14 18 24 23 17 13 10 
14 18 17 16 12 9 10 
14 18 17 13 12 9 10 
14 10 9 11 
14 13 12 11 
14 10 13 12 11 
14 10 9 6 11 
14 13 10 9 11 
14 13 12 9 11 
14 10 9 12 11 
14 18 17 13 12 11 
14 13 12 
14 10 9 12 
14 10 13 12 
14 13 10 9 12 
14 18 17 13 12 
14 10 9 11 12 
14 13 17 16 12 
14 18 17 16 12 
14 13 
14 10 13 
14 18 17 13 
14 10 9 12 13 
14 18 24 23 17 13 
14 18 17 16 12 13 
14 10 9 11 12 13 
14 10 8 7 9 12 13 
14 10 9 11 15 
14 13 12 11 15 
14 18 17 16 15 
14 13 17 16 15 
14 13 12 16 15 
14 10 13 12 11 15 
14 10 9 6 11 15 
14 18 17 22 16 15 
14 13 12 16 
14 18 17 16 
14 13 17 16 
14 10 9 12 16 
14 18 17 22 16 
14 13 17 22 16 
14 10 13 12 16 
14 10 13 17 16 
14 13 17 
14 18 17 
14 10 13 17 
14 13 12 16 17 
14 18 24 23 17 
14 10 9 12 13 17 
14 10 13 12 16 17 
14 13 12 16 22 17 
14 18 
14 13 17 18 
14 10 13 17 18 
14 13 12 16 17 18 
14 13 17 23 24 18 
14 10 9 12 13 17 18 
14 10 13 12 16 17 18 
14 10 13 17 23 24 18 
14 10 9 11 19 
14 13 12 11 19 
14 10 13 12 11 19 
14 10 9 6 11 19 
14 13 10 9 11 19 
14 13 12 9 11 19 
14 10 9 12 11 19 
14 10 9 11 15 20 19 
14 10 9 11 15 20 
14 13 12 11 15 20 
14 10 9 11 19 20 
14 18 17 16 15 20 
14 13 17 16 15 20 
14 13 12 16 15 20 
14 13 12 11 19 20 
14 18 17 22 21 20 
14 13 12 16 21 
14 18 17 16 21 
14 13 17 16 21 
14 18 17 22 21 
14 13 17 22 21 
14 13 12 16 22 21 
14 10 9 12 16 21 
14 18 24 23 22 21 
14 13 17 22 
14 18 17 22 
14 13 12 16 22 
14 13 17 16 22 
14 10 13 17 22 
14 18 24 23 22 
14 18 17 16 22 
14 13 17 23 22 
14 13 17 23 
14 18 17 23 
14 18 24 23 
14 13 17 22 23 
14 10 13 17 23 
14 18 17 22 23 
14 13 12 16 17 23 
14 13 17 16 22 23 
14 18 24 
14 13 17 18 24 
14 18 17 23 24 
14 13 17 23 24 
14 10 13 17 18 24 
14 18 17 22 23 24 
14 13 17 22 23 24 
14 10 13 17 23 24 
15 11 6 1 
15 11 9 6 1 
15 11 6 2 1 
15 16 12 9 6 1 
15 11 12 9 6 1 
15 11 9 7 6 1 
15 11 9 6 2 1 
15 20 19 11 6 1 
15 11 6 2 
15 11 9 6 2 
15 11 6 1 2 
15 16 12 9 6 2 
15 11 12 9 6 2 
15 11 9 7 3 2 
15 11 9 6 1 2 
15 11 6 7 3 2 
15 11 6 2 3 
15 11 9 7 3 
15 11 6 7 3 
15 16 12 9 7 3 
15 11 12 9 7 3 
15 11 9 6 2 3 
15 11 9 7 4 3 
15 11 6 1 2 3 
15 11 6 7 4 
15 11 9 7 4 
15 16 12 9 7 4 
15 11 6 2 3 4 
15 11 6 7 3 4 
15 11 12 9 7 4 
15 11 9 6 7 4 
15 11 9 7 3 4 
15 11 6 2 3 5 
15 11 9 7 3 5 
15 11 6 7 3 5 
15 11 9 10 8 5 
15 11 9 7 4 5 
15 11 6 7 4 5 
15 11 9 7 8 5 
15 11 6 7 8 5 
15 11 6 
15 11 9 6 
15 16 12 9 6 
15 11 12 9 6 
15 11 9 7 6 
15 20 19 11 6 
15 16 12 11 6 
15 16 12 9 7 6 
15 11 6 7 
15 11 9 7 
15 16 12 9 7 
15 11 6 9 7 
15 11 12 9 7 
15 11 9 6 7 
15 20 19 11 6 7 
15 16 12 11 6 7 
15 11 6 7 8 
15 11 9 7 8 
15 11 9 10 8 
15 16 12 9 7 8 
15 11 6 9 7 8 
15 11 12 9 7 8 
15 11 9 6 7 8 
15 16 17 13 10 8 
15 11 9 
15 16 12 9 
15 11 6 9 
15 11 12 9 
15 20 19 11 9 
15 16 12 11 9 
15 11 6 7 9 
15 16 17 13 10 9 
15 11 9 10 
15 16 12 9 10 
15 11 6 9 10 
15 16 17 13 10 
15 16 12 13 10 
15 11 12 9 10 
15 11 12 13 10 
15 11 9 7 8 10 
15 11 
15 16 12 11 
15 20 19 11 
15 16 12 9 11 
15 16 17 13 12 11 
15 20 21 16 12 11 
15 16 12 9 6 11 
15 16 21 20 19 11 
15 11 12 
15 16 12 
15 11 9 12 
15 20 19 11 12 
15 16 17 13 12 
15 11 6 9 12 
15 20 21 16 12 
15 11 9 10 13 12 
15 11 12 13 
15 16 12 13 
15 16 17 13 
15 11 9 10 13 
15 16 22 17 13 
15 11 9 12 13 
15 11 12 9 10 13 
15 20 19 11 12 13 
15 11 9 10 14 
15 16 12 13 14 
15 11 12 13 14 
15 16 17 13 14 
15 16 17 18 14 
15 11 9 12 13 14 
15 11 9 10 13 14 
15 16 12 9 10 14 
15 16 
15 11 12 16 
15 20 21 16 
15 11 9 12 16 
15 20 21 22 16 
15 11 12 13 17 16 
15 20 19 11 12 16 
15 11 6 9 12 16 
15 16 17 
15 16 22 17 
15 11 12 13 17 
15 16 12 13 17 
15 16 22 23 17 
15 20 21 16 17 
15 11 12 16 17 
15 16 21 22 17 
15 16 17 18 
15 16 22 17 18 
15 11 9 10 14 18 
15 16 17 13 14 18 
15 16 12 13 14 18 
15 16 22 23 17 18 
15 20 21 16 17 18 
15 11 12 13 14 18 
15 11 19 
15 20 19 
15 16 12 11 19 
15 16 21 20 19 
15 16 12 9 11 19 
15 16 22 21 20 19 
15 11 12 16 21 20 19 
15 20 21 16 12 11 19 
15 20 
15 11 19 20 
15 16 21 20 
15 16 22 21 20 
15 11 12 16 21 20 
15 16 12 11 19 20 
15 16 17 22 21 20 
15 11 9 12 16 21 20 
15 16 21 
15 20 21 
15 16 22 21 
15 11 12 16 21 
15 16 17 22 21 
15 11 19 20 21 
15 11 12 16 22 21 
15 16 17 23 22 21 
15 16 22 
15 20 21 22 
15 16 17 22 
15 16 21 22 
15 11 12 16 22 
15 20 21 16 22 
15 16 17 23 22 
15 16 12 13 17 22 
15 16 17 23 
15 16 22 23 
15 20 21 22 23 
15 16 17 22 23 
15 16 21 22 23 
15 16 22 17 23 
15 11 12 13 17 23 
15 20 21 16 17 23 
15 16 17 18 24 
15 16 22 23 24 
15 16 17 23 24 
15 20 21 22 23 24 
15 16 21 22 23 24 
15 16 22 17 18 24 
15 16 17 22 23 24 
15 16 22 17 23 24 
16 12 9 6 1 
16 15 11 6 1 
16 12 11 6 1 
16 12 9 7 6 1 
16 12 9 6 2 1 
16 15 11 9 6 1 
16 15 11 6 2 1 
16 12 11 9 6 1 
16 12 9 6 2 
16 15 11 6 2 
16 12 11 6 2 
16 12 9 7 3 2 
16 12 9 6 1 2 
16 15 11 9 6 2 
16 15 11 6 1 2 
16 12 11 9 6 2 
16 12 9 7 3 
16 15 11 6 2 3 
16 12 11 6 2 3 
16 12 9 6 2 3 
16 12 9 7 4 3 
16 15 11 9 7 3 
16 15 11 6 7 3 
16 12 11 9 7 3 
16 12 9 7 4 
16 15 11 6 7 4 
16 12 11 6 7 4 
16 12 9 6 7 4 
16 12 9 7 3 4 
16 15 11 9 7 4 
16 12 11 9 7 4 
16 17 13 10 8 5 4 
16 12 9 7 3 5 
16 17 13 10 8 5 
16 12 13 10 8 5 
16 12 9 10 8 5 
16 12 9 7 4 5 
16 12 9 7 8 5 
16 12 9 7 3 4 5 
16 15 11 6 2 3 5 
16 12 9 6 
16 15 11 6 
16 12 11 6 
16 12 9 7 6 
16 15 11 9 6 
16 12 11 9 6 
16 12 9 11 6 
16 17 13 10 9 6 
16 12 9 7 
16 15 11 6 7 
16 12 11 6 7 
16 12 9 6 7 
16 15 11 9 7 
16 12 11 9 7 
16 17 13 10 8 7 
16 15 11 6 9 7 
16 12 9 7 8 
16 17 13 10 8 
16 12 13 10 8 
16 12 9 10 8 
16 15 11 6 7 8 
16 17 18 14 10 8 
16 17 13 14 10 8 
16 12 11 6 7 8 
16 12 9 
16 15 11 9 
16 12 11 9 
16 17 13 10 9 
16 15 11 6 9 
16 12 13 10 9 
16 12 11 6 9 
16 17 13 12 9 
16 12 9 10 
16 17 13 10 
16 12 13 10 
16 15 11 9 10 
16 17 18 14 10 
16 17 13 14 10 
16 12 11 9 10 
16 12 13 14 10 
16 12 11 
16 15 11 
16 12 9 11 
16 17 13 12 11 
16 15 20 19 11 
16 12 9 6 11 
16 21 20 15 11 
16 21 20 19 11 
16 12 
16 15 11 12 
16 17 13 12 
16 15 11 9 12 
16 22 17 13 12 
16 15 20 19 11 12 
16 17 18 14 13 12 
16 17 13 10 9 12 
16 12 13 
16 17 13 
16 22 17 13 
16 12 9 10 13 
16 17 18 14 13 
16 15 11 12 13 
16 22 23 17 13 
16 21 22 17 13 
16 12 13 14 
16 17 13 14 
16 17 18 14 
16 12 9 10 14 
16 12 13 10 14 
16 22 17 13 14 
16 17 13 10 14 
16 22 17 18 14 
16 15 
16 12 11 15 
16 21 20 15 
16 12 9 11 15 
16 22 21 20 15 
16 12 11 19 20 15 
16 21 20 19 11 15 
16 12 9 6 11 15 
16 17 
16 22 17 
16 12 13 17 
16 22 23 17 
16 21 22 17 
16 21 22 23 17 
16 12 9 10 13 17 
16 12 13 14 18 17 
16 17 18 
16 22 17 18 
16 17 13 14 18 
16 12 13 14 18 
16 22 23 17 18 
16 17 23 24 18 
16 21 22 17 18 
16 12 13 17 18 
16 12 11 19 
16 15 11 19 
16 21 20 19 
16 15 20 19 
16 12 9 11 19 
16 22 21 20 19 
16 12 11 15 20 19 
16 21 20 15 11 19 
16 15 20 
16 21 20 
16 22 21 20 
16 15 11 19 20 
16 12 11 15 20 
16 17 22 21 20 
16 12 11 19 20 
16 12 9 11 15 20 
16 21 
16 22 21 
16 15 20 21 
16 17 22 21 
16 17 23 22 21 
16 15 11 19 20 21 
16 12 11 15 20 21 
16 12 13 17 22 21 
16 22 
16 17 22 
16 21 22 
16 17 23 22 
16 12 13 17 22 
16 15 20 21 22 
16 17 18 24 23 22 
16 12 13 17 23 22 
16 17 23 
16 22 23 
16 17 22 23 
16 21 22 23 
16 22 17 23 
16 17 18 24 23 
16 12 13 17 23 
16 21 22 17 23 
16 17 18 24 
16 22 23 24 
16 17 23 24 
16 21 22 23 24 
16 22 17 18 24 
16 17 22 23 24 
16 22 17 23 24 
16 22 23 17 18 24 
17 13 10 9 6 1 
17 16 12 9 6 1 
17 13 12 9 6 1 
17 16 15 11 6 1 
17 16 12 11 6 1 
17 13 12 11 6 1 
17 13 10 8 7 6 1 
17 13 10 9 7 6 1 
17 13 10 9 6 2 
17 16 12 9 6 2 
17 13 12 9 6 2 
17 16 15 11 6 2 
17 16 12 11 6 2 
17 13 12 11 6 2 
17 13 10 8 5 3 2 
17 13 10 9 7 3 2 
17 13 10 8 5 3 
17 16 12 9 7 3 
17 13 12 9 7 3 
17 13 10 9 7 3 
17 13 10 8 7 3 
17 13 10 8 5 4 3 
17 18 14 10 8 5 3 
17 16 15 11 6 2 3 
17 13 10 8 5 4 
17 16 12 9 7 4 
17 13 12 9 7 4 
17 13 10 9 7 4 
17 13 10 8 7 4 
17 13 10 8 5 3 4 
17 18 14 10 8 5 4 
17 16 15 11 6 7 4 
17 13 10 8 5 
17 18 14 10 8 5 
17 13 14 10 8 5 
17 13 10 9 7 3 5 
17 13 10 8 7 3 5 
17 16 12 9 7 3 5 
17 18 14 13 10 8 5 
17 13 12 9 7 3 5 
17 13 10 9 6 
17 16 12 9 6 
17 13 12 9 6 
17 16 15 11 6 
17 16 12 11 6 
17 13 12 11 6 
17 13 10 8 7 6 
17 13 10 9 7 6 
17 13 10 8 7 
17 16 12 9 7 
17 13 12 9 7 
17 13 10 9 7 
17 18 14 10 8 7 
17 16 15 11 6 7 
17 16 12 11 6 7 
17 16 12 9 6 7 
17 13 10 8 
17 18 14 10 8 
17 13 14 10 8 
17 13 10 9 7 8 
17 16 12 9 7 8 
17 18 14 13 10 8 
17 13 12 9 7 8 
17 16 12 13 10 8 
17 13 10 9 
17 16 12 9 
17 13 12 9 
17 18 14 10 9 
17 16 15 11 9 
17 16 12 11 9 
17 13 14 10 9 
17 13 12 11 9 
17 13 10 
17 18 14 10 
17 13 14 10 
17 16 12 9 10 
17 18 14 13 10 
17 13 12 9 10 
17 16 12 13 10 
17 22 16 12 9 10 
17 13 12 11 
17 16 12 11 
17 16 15 11 
17 13 10 9 11 
17 13 12 9 11 
17 22 16 12 11 
17 16 12 9 11 
17 22 16 15 11 
17 13 12 
17 16 12 
17 22 16 12 
17 13 10 9 12 
17 16 15 11 12 
17 18 14 13 12 
17 22 21 16 12 
17 23 22 16 12 
17 13 
17 16 12 13 
17 18 14 13 
17 22 16 12 13 
17 18 14 10 13 
17 16 15 11 12 13 
17 16 12 9 10 13 
17 23 22 16 12 13 
17 13 14 
17 18 14 
17 13 10 14 
17 16 12 13 14 
17 23 24 18 14 
17 13 12 9 10 14 
17 16 12 9 10 14 
17 16 12 13 10 14 
17 16 15 
17 22 16 15 
17 16 12 11 15 
17 13 12 11 15 
17 22 21 16 15 
17 16 21 20 15 
17 23 22 16 15 
17 13 12 16 15 
17 16 
17 22 16 
17 13 12 16 
17 22 21 16 
17 23 22 16 
17 23 22 21 16 
17 13 10 9 12 16 
17 13 12 11 15 16 
17 18 
17 13 14 18 
17 23 24 18 
17 13 10 14 18 
17 22 23 24 18 
17 16 12 13 14 18 
17 16 22 23 24 18 
17 13 12 9 10 14 18 
17 13 12 11 19 
17 16 12 11 19 
17 22 21 20 19 
17 16 15 11 19 
17 16 21 20 19 
17 16 15 20 19 
17 13 10 9 11 19 
17 13 12 9 11 19 
17 16 15 20 
17 22 21 20 
17 16 21 20 
17 23 22 21 20 
17 22 16 15 20 
17 16 22 21 20 
17 22 16 21 20 
17 16 15 11 19 20 
17 16 21 
17 22 21 
17 16 22 21 
17 23 22 21 
17 22 16 21 
17 16 15 20 21 
17 13 12 16 21 
17 23 22 16 21 
17 22 
17 16 22 
17 23 22 
17 16 21 22 
17 13 12 16 22 
17 18 24 23 22 
17 16 15 20 21 22 
17 13 12 16 21 22 
17 23 
17 22 23 
17 16 22 23 
17 18 24 23 
17 16 21 22 23 
17 13 12 16 22 23 
17 13 14 18 24 23 
17 16 15 20 21 22 23 
17 18 24 
17 23 24 
17 22 23 24 
17 13 14 18 24 
17 16 22 23 24 
17 13 10 14 18 24 
17 16 21 22 23 24 
17 13 12 16 22 23 24 
18 14 10 9 6 1 
18 17 13 10 9 6 1 
18 14 13 10 9 6 1 
18 14 10 8 7 6 1 
18 14 10 9 7 6 1 
18 14 10 9 6 2 1 
18 17 16 12 9 6 1 
18 17 13 12 9 6 1 
18 14 10 9 6 2 
18 17 13 10 9 6 2 
18 14 13 10 9 6 2 
18 14 10 8 5 3 2 
18 14 10 9 7 3 2 
18 14 10 9 6 1 2 
18 17 16 12 9 6 2 
18 17 13 12 9 6 2 
18 14 10 8 5 3 
18 14 10 9 7 3 
18 14 10 8 7 3 
18 17 13 10 8 5 3 
18 14 13 10 8 5 3 
18 14 10 8 5 4 3 
18 14 10 9 6 2 3 
18 14 10 9 7 4 3 
18 14 10 8 5 4 
18 14 10 9 7 4 
18 14 10 8 7 4 
18 17 13 10 8 5 4 
18 14 13 10 8 5 4 
18 14 10 8 5 3 4 
18 14 10 9 6 7 4 
18 14 10 9 7 3 4 
18 14 10 8 5 
18 17 13 10 8 5 
18 14 13 10 8 5 
18 14 10 9 7 3 5 
18 14 10 8 7 3 5 
18 17 13 14 10 8 5 
18 14 10 9 7 4 5 
18 14 10 8 7 4 5 
18 14 10 9 6 
18 17 13 10 9 6 
18 14 13 10 9 6 
18 14 10 8 7 6 
18 14 10 9 7 6 
18 17 16 12 9 6 
18 17 13 12 9 6 
18 14 13 12 9 6 
18 14 10 8 7 
18 14 10 9 7 
18 17 13 10 8 7 
18 14 13 10 8 7 
18 14 10 9 6 7 
18 17 16 12 9 7 
18 17 13 12 9 7 
18 17 13 10 9 7 
18 14 10 8 
18 17 13 10 8 
18 14 13 10 8 
18 14 10 9 7 8 
18 17 13 14 10 8 
18 24 23 17 13 10 8 
18 17 16 12 9 7 8 
18 17 13 10 9 7 8 
18 14 10 9 
18 17 13 10 9 
18 14 13 10 9 
18 17 16 12 9 
18 17 13 12 9 
18 14 13 12 9 
18 14 10 8 7 9 
18 17 22 16 12 9 
18 14 10 
18 17 13 10 
18 14 13 10 
18 17 13 14 10 
18 24 23 17 13 10 
18 17 16 12 9 10 
18 14 13 12 9 10 
18 17 13 12 9 10 
18 14 10 9 11 
18 17 13 12 11 
18 14 13 12 11 
18 17 16 12 11 
18 17 16 15 11 
18 14 10 13 12 11 
18 14 10 9 6 11 
18 17 13 10 9 11 
18 14 13 12 
18 17 13 12 
18 17 16 12 
18 14 10 9 12 
18 17 22 16 12 
18 14 10 13 12 
18 14 13 10 9 12 
18 24 23 17 13 12 
18 14 13 
18 17 13 
18 14 10 13 
18 24 23 17 13 
18 17 16 12 13 
18 14 10 9 12 13 
18 24 23 22 17 13 
18 17 22 16 12 13 
18 14 
18 17 13 14 
18 17 13 10 14 
18 24 23 17 13 14 
18 17 16 12 13 14 
18 17 13 12 9 10 14 
18 24 23 22 17 13 14 
18 24 23 17 13 10 14 
18 17 16 15 
18 17 22 16 15 
18 14 10 9 11 15 
18 17 16 12 11 15 
18 17 13 12 11 15 
18 17 22 21 16 15 
18 24 23 17 16 15 
18 14 13 12 11 15 
18 17 16 
18 17 22 16 
18 14 13 12 16 
18 17 13 12 16 
18 17 22 21 16 
18 24 23 17 16 
18 14 13 17 16 
18 17 23 22 16 
18 17 
18 14 13 17 
18 24 23 17 
18 14 10 13 17 
18 24 23 22 17 
18 14 13 12 16 17 
18 24 23 22 16 17 
18 14 10 9 12 13 17 
18 14 10 9 11 19 
18 17 13 12 11 19 
18 14 13 12 11 19 
18 17 16 12 11 19 
18 17 22 21 20 19 
18 17 16 15 11 19 
18 17 16 21 20 19 
18 17 16 15 20 19 
18 17 16 15 20 
18 17 22 21 20 
18 17 16 21 20 
18 24 23 22 21 20 
18 17 23 22 21 20 
18 17 22 16 15 20 
18 17 16 22 21 20 
18 17 22 16 21 20 
18 17 16 21 
18 17 22 21 
18 24 23 22 21 
18 17 16 22 21 
18 17 23 22 21 
18 17 22 16 21 
18 14 13 12 16 21 
18 24 23 17 16 21 
18 17 22 
18 24 23 22 
18 17 16 22 
18 17 23 22 
18 14 13 17 22 
18 24 23 17 22 
18 17 16 21 22 
18 17 13 12 16 22 
18 17 23 
18 24 23 
18 17 22 23 
18 14 13 17 23 
18 17 16 22 23 
18 14 10 13 17 23 
18 14 13 17 22 23 
18 17 16 21 22 23 
18 24 
18 17 23 24 
18 17 22 23 24 
18 14 13 17 23 24 
18 17 16 22 23 24 
18 14 10 13 17 23 24 
18 14 13 17 22 23 24 
18 17 16 21 22 23 24 
19 11 6 1 
19 11 9 6 1 
19 11 6 2 1 
19 20 15 11 6 1 
19 11 12 9 6 1 
19 11 9 7 6 1 
19 11 9 6 2 1 
19 11 6 7 3 2 1 
19 11 6 2 
19 11 9 6 2 
19 11 6 1 2 
19 20 15 11 6 2 
19 11 12 9 6 2 
19 11 9 7 3 2 
19 11 9 6 1 2 
19 11 6 7 3 2 
19 11 6 2 3 
19 11 9 7 3 
19 11 6 7 3 
19 11 12 9 7 3 
19 11 9 6 2 3 
19 11 9 7 4 3 
19 11 6 1 2 3 
19 11 6 7 4 3 
19 11 6 7 4 
19 11 9 7 4 
19 11 6 2 3 4 
19 11 6 7 3 4 
19 11 12 9 7 4 
19 11 9 6 7 4 
19 11 9 7 3 4 
19 11 6 9 7 4 
19 11 6 2 3 5 
19 11 9 7 3 5 
19 11 6 7 3 5 
19 11 9 10 8 5 
19 11 9 7 4 5 
19 11 6 7 4 5 
19 11 9 7 8 5 
19 11 6 7 8 5 
19 11 6 
19 11 9 6 
19 20 15 11 6 
19 11 12 9 6 
19 11 9 7 6 
19 20 15 11 9 6 
19 11 12 9 7 6 
19 20 21 16 12 9 6 
19 11 6 7 
19 11 9 7 
19 11 6 9 7 
19 11 12 9 7 
19 11 9 6 7 
19 20 15 11 6 7 
19 11 6 2 3 7 
19 11 12 9 6 7 
19 11 6 7 8 
19 11 9 7 8 
19 11 9 10 8 
19 11 6 9 7 8 
19 11 12 9 7 8 
19 11 9 6 7 8 
19 11 6 9 10 8 
19 11 12 13 10 8 
19 11 9 
19 11 6 9 
19 11 12 9 
19 20 15 11 9 
19 11 6 7 9 
19 11 15 16 12 9 
19 11 12 13 10 9 
19 20 21 16 12 9 
19 11 9 10 
19 11 6 9 10 
19 11 12 9 10 
19 11 12 13 10 
19 20 15 11 9 10 
19 11 9 7 8 10 
19 11 6 7 8 10 
19 11 12 13 14 10 
19 11 
19 20 15 11 
19 20 21 16 12 11 
19 20 15 16 12 11 
19 20 21 16 15 11 
19 20 21 22 16 12 11 
19 20 21 16 12 9 11 
19 20 15 16 12 9 11 
19 11 12 
19 11 9 12 
19 20 15 11 12 
19 11 6 9 12 
19 20 21 16 12 
19 20 15 16 12 
19 11 15 16 12 
19 11 9 10 13 12 
19 11 12 13 
19 11 9 10 13 
19 11 9 12 13 
19 20 15 11 12 13 
19 11 12 9 10 13 
19 11 6 9 10 13 
19 11 9 10 14 13 
19 20 21 16 12 13 
19 11 9 10 14 
19 11 12 13 14 
19 11 9 12 13 14 
19 11 9 10 13 14 
19 11 6 9 10 14 
19 11 12 9 10 14 
19 11 12 13 10 14 
19 20 15 11 9 10 14 
19 11 15 
19 20 15 
19 11 12 16 15 
19 20 21 16 15 
19 11 9 12 16 15 
19 20 21 22 16 15 
19 11 12 13 17 16 15 
19 11 12 16 21 20 15 
19 11 12 16 
19 20 15 16 
19 11 15 16 
19 20 21 16 
19 11 9 12 16 
19 20 21 22 16 
19 11 12 13 17 16 
19 20 15 11 12 16 
19 11 12 13 17 
19 20 15 16 17 
19 11 15 16 17 
19 11 12 16 17 
19 20 21 16 17 
19 20 21 22 17 
19 20 15 16 22 17 
19 11 9 10 13 17 
19 11 9 10 14 18 
19 20 15 16 17 18 
19 11 12 13 14 18 
19 20 21 16 17 18 
19 11 15 16 17 18 
19 11 12 16 17 18 
19 11 12 13 17 18 
19 20 21 22 17 18 
19 20 
19 11 15 20 
19 11 12 16 15 20 
19 11 15 16 21 20 
19 11 12 16 21 20 
19 11 9 12 16 15 20 
19 11 15 16 22 21 20 
19 11 12 16 22 21 20 
19 20 21 
19 11 12 16 21 
19 20 15 16 21 
19 11 15 16 21 
19 11 15 20 21 
19 11 12 16 22 21 
19 20 15 16 22 21 
19 11 9 12 16 21 
19 20 21 22 
19 11 12 16 22 
19 20 15 16 22 
19 20 21 16 22 
19 11 15 16 22 
19 11 12 13 17 22 
19 11 12 16 17 22 
19 20 15 16 17 22 
19 20 21 22 23 
19 11 12 13 17 23 
19 20 15 16 17 23 
19 20 21 16 17 23 
19 20 21 22 17 23 
19 11 15 16 17 23 
19 11 12 16 17 23 
19 20 15 16 22 23 
19 20 21 22 23 24 
19 11 9 10 14 18 24 
19 20 15 16 17 18 24 
19 20 21 16 17 18 24 
19 20 21 22 17 18 24 
19 11 12 13 14 18 24 
19 20 15 16 22 23 24 
19 20 15 16 17 23 24 
20 15 11 6 1 
20 19 11 6 1 
20 15 11 9 6 1 
20 15 11 6 2 1 
20 19 11 9 6 1 
20 19 11 6 2 1 
20 15 16 12 9 6 1 
20 21 16 12 9 6 1 
20 15 11 6 2 
20 19 11 6 2 
20 15 11 9 6 2 
20 15 11 6 1 2 
20 19 11 9 6 2 
20 19 11 6 1 2 
20 15 16 12 9 6 2 
20 21 16 12 9 6 2 
20 15 11 6 2 3 
20 19 11 6 2 3 
20 15 11 9 7 3 
20 15 11 6 7 3 
20 19 11 9 7 3 
20 19 11 6 7 3 
20 15 16 12 9 7 3 
20 21 16 12 9 7 3 
20 15 11 6 7 4 
20 19 11 6 7 4 
20 15 11 9 7 4 
20 19 11 9 7 4 
20 15 16 12 9 7 4 
20 15 11 6 2 3 4 
20 15 11 6 7 3 4 
20 21 16 12 9 7 4 
20 15 11 6 2 3 5 
20 19 11 6 2 3 5 
20 15 11 9 7 3 5 
20 15 11 6 7 3 5 
20 19 11 9 7 3 5 
20 19 11 6 7 3 5 
20 15 11 9 10 8 5 
20 15 11 9 7 4 5 
20 15 11 6 
20 19 11 6 
20 15 11 9 6 
20 19 11 9 6 
20 15 16 12 9 6 
20 21 16 12 9 6 
20 15 11 12 9 6 
20 15 11 9 7 6 
20 15 11 6 7 
20 19 11 6 7 
20 15 11 9 7 
20 19 11 9 7 
20 15 16 12 9 7 
20 15 11 6 9 7 
20 21 16 12 9 7 
20 19 11 6 9 7 
20 15 11 6 7 8 
20 19 11 6 7 8 
20 15 11 9 7 8 
20 19 11 9 7 8 
20 15 11 9 10 8 
20 19 11 9 10 8 
20 15 16 12 9 7 8 
20 15 11 6 9 7 8 
20 15 11 9 
20 19 11 9 
20 15 16 12 9 
20 15 11 6 9 
20 21 16 12 9 
20 19 11 6 9 
20 15 11 12 9 
20 19 11 12 9 
20 15 11 9 10 
20 19 11 9 10 
20 15 16 12 9 10 
20 15 11 6 9 10 
20 21 16 12 9 10 
20 19 11 6 9 10 
20 15 16 17 13 10 
20 15 16 12 13 10 
20 15 11 
20 19 11 
20 15 16 12 11 
20 21 16 12 11 
20 21 16 15 11 
20 15 16 12 9 11 
20 21 22 16 12 11 
20 21 16 12 9 11 
20 15 11 12 
20 19 11 12 
20 15 16 12 
20 21 16 12 
20 15 11 9 12 
20 19 11 9 12 
20 21 22 16 12 
20 15 16 17 13 12 
20 15 11 12 13 
20 19 11 12 13 
20 15 16 12 13 
20 21 16 12 13 
20 15 16 17 13 
20 21 22 17 13 
20 21 16 17 13 
20 15 11 9 10 13 
20 15 11 9 10 14 
20 19 11 9 10 14 
20 15 16 12 13 14 
20 15 11 12 13 14 
20 21 16 12 13 14 
20 19 11 12 13 14 
20 15 16 17 13 14 
20 21 22 17 13 14 
20 15 
20 19 11 15 
20 21 16 15 
20 21 22 16 15 
20 19 11 12 16 15 
20 21 16 12 11 15 
20 21 22 17 16 15 
20 21 22 16 12 11 15 
20 15 16 
20 21 16 
20 21 22 16 
20 15 11 12 16 
20 19 11 12 16 
20 21 22 17 16 
20 19 11 15 16 
20 15 11 9 12 16 
20 15 16 17 
20 21 16 17 
20 21 22 17 
20 15 16 22 17 
20 21 16 22 17 
20 21 22 16 17 
20 21 22 23 17 
20 15 11 12 13 17 
20 15 16 17 18 
20 21 16 17 18 
20 21 22 17 18 
20 15 16 22 17 18 
20 21 16 22 17 18 
20 21 22 16 17 18 
20 21 22 23 17 18 
20 21 22 23 24 18 
20 19 
20 15 11 19 
20 21 16 12 11 19 
20 15 16 12 11 19 
20 21 16 15 11 19 
20 21 22 16 12 11 19 
20 21 16 12 9 11 19 
20 15 16 12 9 11 19 
20 21 
20 15 16 21 
20 15 16 22 21 
20 19 11 12 16 21 
20 15 11 12 16 21 
20 15 16 17 22 21 
20 19 11 15 16 21 
20 19 11 12 16 22 21 
20 21 22 
20 15 16 22 
20 21 16 22 
20 15 16 17 22 
20 21 16 17 22 
20 15 16 21 22 
20 19 11 12 16 22 
20 15 11 12 16 22 
20 21 22 23 
20 15 16 17 23 
20 21 16 17 23 
20 21 22 17 23 
20 15 16 22 23 
20 21 16 22 23 
20 15 16 17 22 23 
20 21 16 17 22 23 
20 21 22 23 24 
20 15 16 17 18 24 
20 21 16 17 18 24 
20 21 22 17 18 24 
20 15 16 22 23 24 
20 15 16 17 23 24 
20 21 16 22 23 24 
20 21 16 17 23 24 
21 16 12 9 6 1 
21 20 15 11 6 1 
21 16 15 11 6 1 
21 16 12 11 6 1 
21 20 19 11 6 1 
21 16 12 9 7 6 1 
21 16 12 9 6 2 1 
21 22 16 12 9 6 1 
21 16 12 9 6 2 
21 20 15 11 6 2 
21 16 15 11 6 2 
21 16 12 11 6 2 
21 20 19 11 6 2 
21 16 12 9 7 3 2 
21 16 12 9 6 1 2 
21 22 16 12 9 6 2 
21 16 12 9 7 3 
21 20 15 11 6 2 3 
21 16 15 11 6 2 3 
21 16 12 11 6 2 3 
21 16 12 9 6 2 3 
21 16 12 9 7 4 3 
21 22 16 12 9 7 3 
21 20 19 11 6 2 3 
21 16 12 9 7 4 
21 20 15 11 6 7 4 
21 16 15 11 6 7 4 
21 16 12 11 6 7 4 
21 16 12 9 6 7 4 
21 16 12 9 7 3 4 
21 22 16 12 9 7 4 
21 20 19 11 6 7 4 
21 16 12 9 7 3 5 
21 22 17 13 10 8 5 
21 16 17 13 10 8 5 
21 16 12 13 10 8 5 
21 16 12 9 10 8 5 
21 16 12 9 7 4 5 
21 16 12 9 7 8 5 
21 16 12 9 7 3 4 5 
21 16 12 9 6 
21 20 15 11 6 
21 16 15 11 6 
21 16 12 11 6 
21 20 19 11 6 
21 16 12 9 7 6 
21 22 16 12 9 6 
21 20 15 11 9 6 
21 16 12 9 7 
21 20 15 11 6 7 
21 16 15 11 6 7 
21 16 12 11 6 7 
21 16 12 9 6 7 
21 22 16 12 9 7 
21 20 19 11 6 7 
21 20 15 11 9 7 
21 16 12 9 7 8 
21 22 17 13 10 8 
21 16 17 13 10 8 
21 16 12 13 10 8 
21 16 12 9 10 8 
21 20 15 11 6 7 8 
21 22 16 12 9 7 8 
21 22 17 18 14 10 8 
21 16 12 9 
21 20 15 11 9 
21 16 15 11 9 
21 16 12 11 9 
21 22 16 12 9 
21 20 19 11 9 
21 20 15 16 12 9 
21 20 15 11 6 9 
21 16 12 9 10 
21 22 17 13 10 
21 16 17 13 10 
21 16 12 13 10 
21 20 15 11 9 10 
21 22 16 12 9 10 
21 22 17 18 14 10 
21 22 17 13 14 10 
21 16 12 11 
21 20 15 11 
21 16 15 11 
21 20 19 11 
21 16 12 9 11 
21 22 16 12 11 
21 22 16 15 11 
21 20 15 16 12 11 
21 16 12 
21 22 16 12 
21 16 15 11 12 
21 20 15 11 12 
21 22 17 13 12 
21 16 17 13 12 
21 20 19 11 12 
21 20 15 16 12 
21 16 12 13 
21 22 17 13 
21 16 17 13 
21 22 16 12 13 
21 16 22 17 13 
21 22 23 17 13 
21 22 16 17 13 
21 16 12 9 10 13 
21 16 12 13 14 
21 22 17 13 14 
21 16 17 13 14 
21 22 17 18 14 
21 16 17 18 14 
21 16 12 9 10 14 
21 16 12 13 10 14 
21 22 16 12 13 14 
21 16 15 
21 20 15 
21 22 16 15 
21 16 12 11 15 
21 20 19 11 15 
21 22 17 16 15 
21 22 16 12 11 15 
21 16 12 9 11 15 
21 16 
21 22 16 
21 20 15 16 
21 22 17 16 
21 22 23 17 16 
21 20 19 11 12 16 
21 20 15 11 12 16 
21 22 17 13 12 16 
21 16 17 
21 22 17 
21 16 22 17 
21 22 16 17 
21 22 23 17 
21 20 15 16 17 
21 16 12 13 17 
21 16 22 23 17 
21 16 17 18 
21 22 17 18 
21 16 22 17 18 
21 22 16 17 18 
21 22 23 17 18 
21 22 23 24 18 
21 16 17 13 14 18 
21 20 15 16 17 18 
21 20 19 
21 16 12 11 19 
21 20 15 11 19 
21 16 15 11 19 
21 16 15 20 19 
21 22 16 12 11 19 
21 16 12 9 11 19 
21 22 16 15 11 19 
21 20 
21 16 15 20 
21 22 16 15 20 
21 16 12 11 15 20 
21 16 15 11 19 20 
21 22 17 16 15 20 
21 16 12 11 19 20 
21 22 16 12 11 15 20 
21 22 
21 16 22 
21 16 17 22 
21 20 15 16 22 
21 16 17 23 22 
21 16 12 13 17 22 
21 20 15 16 17 22 
21 20 19 11 12 16 22 
21 22 23 
21 16 17 23 
21 22 17 23 
21 16 22 23 
21 16 17 22 23 
21 22 16 17 23 
21 16 22 17 23 
21 20 15 16 17 23 
21 22 23 24 
21 16 17 18 24 
21 22 17 18 24 
21 16 22 23 24 
21 16 17 23 24 
21 22 17 23 24 
21 22 23 17 18 24 
21 22 16 17 18 24 
22 16 12 9 6 1 
22 16 15 11 6 1 
22 16 12 11 6 1 
22 17 13 10 9 6 1 
22 16 12 9 7 6 1 
22 16 12 9 6 2 1 
22 16 15 11 9 6 1 
22 16 15 11 6 2 1 
22 16 12 9 6 2 
22 16 15 11 6 2 
22 16 12 11 6 2 
22 17 13 10 9 6 2 
22 16 12 9 7 3 2 
22 16 12 9 6 1 2 
22 16 15 11 9 6 2 
22 16 15 11 6 1 2 
22 16 12 9 7 3 
22 17 13 10 8 5 3 
22 16 15 11 6 2 3 
22 16 12 11 6 2 3 
22 16 12 9 6 2 3 
22 16 12 9 7 4 3 
22 21 16 12 9 7 3 
22 17 16 12 9 7 3 
22 16 12 9 7 4 
22 17 13 10 8 5 4 
22 16 15 11 6 7 4 
22 16 12 11 6 7 4 
22 16 12 9 6 7 4 
22 16 12 9 7 3 4 
22 21 16 12 9 7 4 
22 17 16 12 9 7 4 
22 17 13 10 8 5 
22 16 12 9 7 3 5 
22 17 18 14 10 8 5 
22 17 13 14 10 8 5 
22 23 17 13 10 8 5 
22 16 17 13 10 8 5 
22 16 12 13 10 8 5 
22 16 12 9 10 8 5 
22 16 12 9 6 
22 16 15 11 6 
22 16 12 11 6 
22 17 13 10 9 6 
22 16 12 9 7 6 
22 16 15 11 9 6 
22 16 12 11 9 6 
22 21 16 12 9 6 
22 16 12 9 7 
22 17 13 10 8 7 
22 16 15 11 6 7 
22 16 12 11 6 7 
22 16 12 9 6 7 
22 21 16 12 9 7 
22 17 16 12 9 7 
22 17 13 12 9 7 
22 17 13 10 8 
22 16 12 9 7 8 
22 17 18 14 10 8 
22 17 13 14 10 8 
22 23 17 13 10 8 
22 16 17 13 10 8 
22 16 12 13 10 8 
22 16 12 9 10 8 
22 16 12 9 
22 17 13 10 9 
22 16 15 11 9 
22 16 12 11 9 
22 21 16 12 9 
22 17 16 12 9 
22 17 13 12 9 
22 16 17 13 10 9 
22 17 13 10 
22 16 12 9 10 
22 17 18 14 10 
22 17 13 14 10 
22 23 17 13 10 
22 16 17 13 10 
22 16 12 13 10 
22 17 16 12 9 10 
22 16 12 11 
22 16 15 11 
22 17 13 12 11 
22 16 12 9 11 
22 21 16 12 11 
22 17 16 12 11 
22 21 20 15 11 
22 21 16 15 11 
22 16 12 
22 17 13 12 
22 21 16 12 
22 17 16 12 
22 16 15 11 12 
22 23 17 13 12 
22 16 17 13 12 
22 23 17 16 12 
22 17 13 
22 16 12 13 
22 23 17 13 
22 16 17 13 
22 17 16 12 13 
22 21 16 12 13 
22 17 18 14 13 
22 21 16 17 13 
22 17 13 14 
22 17 18 14 
22 16 12 13 14 
22 17 13 10 14 
22 23 17 13 14 
22 16 17 13 14 
22 23 24 18 14 
22 23 17 18 14 
22 16 15 
22 17 16 15 
22 21 16 15 
22 21 20 15 
22 16 12 11 15 
22 23 17 16 15 
22 16 21 20 15 
22 17 13 12 11 15 
22 16 
22 17 16 
22 21 16 
22 23 17 16 
22 17 13 12 16 
22 21 20 15 16 
22 23 24 18 17 16 
22 23 17 13 12 16 
22 17 
22 16 17 
22 23 17 
22 21 16 17 
22 16 12 13 17 
22 23 24 18 17 
22 21 20 15 16 17 
22 21 16 12 13 17 
22 17 18 
22 16 17 18 
22 23 17 18 
22 23 24 18 
22 17 13 14 18 
22 21 16 17 18 
22 17 23 24 18 
22 16 12 13 14 18 
22 21 20 19 
22 16 12 11 19 
22 16 15 11 19 
22 16 21 20 19 
22 16 15 20 19 
22 21 16 12 11 19 
22 21 20 15 11 19 
22 17 13 12 11 19 
22 21 20 
22 16 15 20 
22 16 21 20 
22 21 16 15 20 
22 17 16 15 20 
22 17 16 21 20 
22 16 15 11 19 20 
22 16 12 11 15 20 
22 21 
22 16 21 
22 17 16 21 
22 16 15 20 21 
22 23 17 16 21 
22 17 13 12 16 21 
22 17 16 15 20 21 
22 16 12 11 15 20 21 
22 23 
22 17 23 
22 16 17 23 
22 17 18 24 23 
22 21 16 17 23 
22 16 12 13 17 23 
22 16 17 18 24 23 
22 17 13 14 18 24 23 
22 23 24 
22 17 18 24 
22 17 23 24 
22 23 17 18 24 
22 16 17 18 24 
22 16 17 23 24 
22 17 13 14 18 24 
22 21 16 17 18 24 
23 17 13 10 9 6 1 
23 22 16 12 9 6 1 
23 17 16 12 9 6 1 
23 17 13 12 9 6 1 
23 22 16 15 11 6 1 
23 22 16 12 11 6 1 
23 17 16 15 11 6 1 
23 17 16 12 11 6 1 
23 17 13 10 9 6 2 
23 22 16 12 9 6 2 
23 17 16 12 9 6 2 
23 17 13 12 9 6 2 
23 22 16 15 11 6 2 
23 22 16 12 11 6 2 
23 17 16 15 11 6 2 
23 17 16 12 11 6 2 
23 17 13 10 8 5 3 
23 22 16 12 9 7 3 
23 17 16 12 9 7 3 
23 17 13 12 9 7 3 
23 17 13 10 9 7 3 
23 17 13 10 8 7 3 
23 17 13 10 8 5 4 3 
23 24 18 14 10 8 5 3 
23 17 13 10 8 5 4 
23 22 16 12 9 7 4 
23 17 16 12 9 7 4 
23 17 13 12 9 7 4 
23 17 13 10 9 7 4 
23 17 13 10 8 7 4 
23 17 13 10 8 5 3 4 
23 24 18 14 10 8 5 4 
23 17 13 10 8 5 
23 22 17 13 10 8 5 
23 17 18 14 10 8 5 
23 17 13 14 10 8 5 
23 24 18 14 10 8 5 
23 17 13 10 9 7 3 5 
23 17 13 10 8 7 3 5 
23 22 16 12 9 7 3 5 
23 17 13 10 9 6 
23 22 16 12 9 6 
23 17 16 12 9 6 
23 17 13 12 9 6 
23 22 16 15 11 6 
23 22 16 12 11 6 
23 17 16 15 11 6 
23 17 16 12 11 6 
23 17 13 10 8 7 
23 22 16 12 9 7 
23 17 16 12 9 7 
23 17 13 12 9 7 
23 17 13 10 9 7 
23 24 18 14 10 8 7 
23 22 17 13 10 8 7 
23 22 16 15 11 6 7 
23 17 13 10 8 
23 22 17 13 10 8 
23 17 18 14 10 8 
23 17 13 14 10 8 
23 24 18 14 10 8 
23 17 13 10 9 7 8 
23 22 16 12 9 7 8 
23 22 17 18 14 10 8 
23 17 13 10 9 
23 22 16 12 9 
23 17 16 12 9 
23 17 13 12 9 
23 24 18 14 10 9 
23 22 17 13 10 9 
23 22 16 15 11 9 
23 22 16 12 11 9 
23 17 13 10 
23 22 17 13 10 
23 17 18 14 10 
23 17 13 14 10 
23 24 18 14 10 
23 22 16 12 9 10 
23 22 17 18 14 10 
23 22 17 13 14 10 
23 17 13 12 11 
23 22 16 12 11 
23 17 16 12 11 
23 22 16 15 11 
23 17 16 15 11 
23 17 13 10 9 11 
23 17 13 12 9 11 
23 22 17 13 12 11 
23 17 13 12 
23 22 16 12 
23 17 16 12 
23 22 17 13 12 
23 17 22 16 12 
23 22 21 16 12 
23 22 17 16 12 
23 17 13 10 9 12 
23 17 13 
23 22 17 13 
23 17 16 12 13 
23 24 18 14 13 
23 22 16 12 13 
23 17 18 14 13 
23 24 18 17 13 
23 22 16 17 13 
23 17 13 14 
23 24 18 14 
23 17 18 14 
23 17 13 10 14 
23 22 17 13 14 
23 22 17 18 14 
23 24 18 17 13 14 
23 17 16 12 13 14 
23 17 16 15 
23 22 16 15 
23 17 22 16 15 
23 22 17 16 15 
23 22 21 16 15 
23 22 21 20 15 
23 17 16 12 11 15 
23 24 18 17 16 15 
23 17 16 
23 22 16 
23 17 22 16 
23 22 17 16 
23 22 21 16 
23 24 18 17 16 
23 17 13 12 16 
23 17 22 21 16 
23 17 
23 22 17 
23 24 18 17 
23 22 16 17 
23 22 21 16 17 
23 24 18 14 13 17 
23 22 16 12 13 17 
23 22 21 20 15 16 17 
23 17 18 
23 24 18 
23 22 17 18 
23 17 13 14 18 
23 22 16 17 18 
23 22 17 13 14 18 
23 17 13 10 14 18 
23 22 21 16 17 18 
23 22 21 20 19 
23 17 13 12 11 19 
23 22 16 12 11 19 
23 17 16 12 11 19 
23 22 16 15 11 19 
23 17 22 21 20 19 
23 17 16 15 11 19 
23 22 16 21 20 19 
23 22 21 20 
23 17 16 15 20 
23 22 16 15 20 
23 17 22 21 20 
23 17 16 21 20 
23 22 16 21 20 
23 22 21 16 15 20 
23 22 17 16 15 20 
23 22 21 
23 17 16 21 
23 22 16 21 
23 17 22 21 
23 17 16 22 21 
23 22 17 16 21 
23 17 22 16 21 
23 24 18 17 16 21 
23 22 
23 17 22 
23 17 16 22 
23 24 18 17 22 
23 17 16 21 22 
23 17 13 12 16 22 
23 24 18 17 16 22 
23 24 18 14 13 17 22 
23 24 
23 17 18 24 
23 22 17 18 24 
23 17 13 14 18 24 
23 22 16 17 18 24 
23 22 17 13 14 18 24 
23 17 13 10 14 18 24 
23 22 21 16 17 18 24 
24 18 14 10 9 6 1 
24 23 17 13 10 9 6 1 
24 18 17 13 10 9 6 1 
24 18 14 13 10 9 6 1 
24 18 14 10 8 7 6 1 
24 18 14 10 9 7 6 1 
24 18 14 10 9 6 2 1 
24 23 22 16 12 9 6 1 
24 18 14 10 9 6 2 
24 23 17 13 10 9 6 2 
24 18 17 13 10 9 6 2 
24 18 14 13 10 9 6 2 
24 18 14 10 8 5 3 2 
24 18 14 10 9 7 3 2 
24 18 14 10 9 6 1 2 
24 23 22 16 12 9 6 2 
24 18 14 10 8 5 3 
24 18 14 10 9 7 3 
24 18 14 10 8 7 3 
24 23 17 13 10 8 5 3 
24 18 17 13 10 8 5 3 
24 18 14 13 10 8 5 3 
24 18 14 10 8 5 4 3 
24 18 14 10 9 6 2 3 
24 18 14 10 8 5 4 
24 18 14 10 9 7 4 
24 18 14 10 8 7 4 
24 23 17 13 10 8 5 4 
24 18 17 13 10 8 5 4 
24 18 14 13 10 8 5 4 
24 18 14 10 8 5 3 4 
24 18 14 10 9 6 7 4 
24 18 14 10 8 5 
24 23 17 13 10 8 5 
24 18 17 13 10 8 5 
24 18 14 13 10 8 5 
24 18 14 10 9 7 3 5 
24 18 14 10 8 7 3 5 
24 23 22 17 13 10 8 5 
24 23 17 18 14 10 8 5 
24 18 14 10 9 6 
24 23 17 13 10 9 6 
24 18 17 13 10 9 6 
24 18 14 13 10 9 6 
24 18 14 10 8 7 6 
24 18 14 10 9 7 6 
24 23 22 16 12 9 6 
24 23 17 16 12 9 6 
24 18 14 10 8 7 
24 18 14 10 9 7 
24 23 17 13 10 8 7 
24 18 17 13 10 8 7 
24 18 14 13 10 8 7 
24 18 14 10 9 6 7 
24 23 22 16 12 9 7 
24 23 17 16 12 9 7 
24 18 14 10 8 
24 23 17 13 10 8 
24 18 17 13 10 8 
24 18 14 13 10 8 
24 18 14 10 9 7 8 
24 23 22 17 13 10 8 
24 23 17 18 14 10 8 
24 23 17 13 14 10 8 
24 18 14 10 9 
24 23 17 13 10 9 
24 18 17 13 10 9 
24 18 14 13 10 9 
24 23 22 16 12 9 
24 23 17 16 12 9 
24 23 17 13 12 9 
24 18 17 16 12 9 
24 18 14 10 
24 23 17 13 10 
24 18 17 13 10 
24 18 14 13 10 
24 23 22 17 13 10 
24 23 17 18 14 10 
24 23 17 13 14 10 
24 18 17 13 14 10 
24 18 14 10 9 11 
24 23 17 13 12 11 
24 18 17 13 12 11 
24 18 14 13 12 11 
24 23 22 16 12 11 
24 23 17 16 12 11 
24 18 17 16 12 11 
24 23 22 16 15 11 
24 18 14 13 12 
24 23 17 13 12 
24 18 17 13 12 
24 23 22 16 12 
24 23 17 16 12 
24 18 17 16 12 
24 18 14 10 9 12 
24 23 22 17 13 12 
24 18 14 13 
24 23 17 13 
24 18 17 13 
24 18 14 10 13 
24 23 22 17 13 
24 23 17 16 12 13 
24 18 17 16 12 13 
24 23 22 16 12 13 
24 18 14 
24 23 17 13 14 
24 18 17 13 14 
24 23 17 18 14 
24 23 22 17 13 14 
24 23 17 13 10 14 
24 18 17 13 10 14 
24 23 22 17 18 14 
24 18 17 16 15 
24 23 17 16 15 
24 23 22 16 15 
24 18 17 22 16 15 
24 23 17 22 16 15 
24 23 22 17 16 15 
24 23 22 21 16 15 
24 23 22 21 20 15 
24 18 17 16 
24 23 17 16 
24 23 22 16 
24 18 17 22 16 
24 23 17 22 16 
24 23 22 17 16 
24 23 22 21 16 
24 18 14 13 12 16 
24 18 17 
24 23 17 
24 23 22 17 
24 18 14 13 17 
24 23 22 16 17 
24 18 14 10 13 17 
24 23 22 21 16 17 
24 18 14 13 12 16 17 
24 18 
24 23 17 18 
24 23 22 17 18 
24 23 17 13 14 18 
24 23 22 16 17 18 
24 23 22 17 13 14 18 
24 23 17 13 10 14 18 
24 23 22 21 16 17 18 
24 23 22 21 20 19 
24 18 14 10 9 11 19 
24 23 17 13 12 11 19 
24 23 22 16 12 11 19 
24 18 17 13 12 11 19 
24 18 14 13 12 11 19 
24 23 17 16 12 11 19 
24 23 22 16 15 11 19 
24 23 22 21 20 
24 18 17 16 15 20 
24 23 17 16 15 20 
24 23 22 16 15 20 
24 18 17 22 21 20 
24 18 17 16 21 20 
24 23 17 22 21 20 
24 23 17 16 21 20 
24 23 22 21 
24 18 17 16 21 
24 23 17 16 21 
24 23 22 16 21 
24 18 17 22 21 
24 23 17 22 21 
24 18 17 16 22 21 
24 23 17 16 22 21 
24 23 22 
24 18 17 22 
24 23 17 22 
24 18 17 16 22 
24 23 17 16 22 
24 18 17 23 22 
24 18 14 13 17 22 
24 18 17 16 21 22 
24 23 
24 18 17 23 
24 18 17 22 23 
24 18 14 13 17 23 
24 18 17 16 22 23 
24 18 14 10 13 17 23 
24 18 14 13 17 22 23 
24 18 17 16 21 22 23 
